18
30
106
7
128
44
60
53
92
122
18
128
30
7
106
60
122
53
44
92
30
18
106
44
92
122
60
128
53
7
92
30
60
128
7
53
122
106
18
44
92
128
60
106
122
18
44
53
30
7
106
60
7
128
44
92
122
53
30
18
60
30
128
18
44
7
122
106
92
53
106
30
53
60
122
128
7
44
92
18
60
53
106
128
7
92
30
44
122
18
18
92
30
53
128
60
106
44
122
7
7
106
92
18
53
128
60
30
44
122
122
128
53
18
30
44
106
7
60
92
122
92
30
60
53
7
128
18
44
106
18
53
44
30
122
92
60
128
7
106
92
30
53
128
44
18
122
106
60
7
30
92
53
128
106
122
44
7
18
60
60
122
44
92
106
53
128
7
18
30
30
7
18
128
106
53
122
60
92
44
122
44
53
128
60
30
92
7
106
18
92
60
18
122
106
128
7
30
53
44
18
122
92
53
7
60
106
30
44
128
60
18
128
7
30
106
122
44
92
53
60
122
30
7
92
53
44
128
18
106
30
128
18
7
60
122
44
53
92
106
44
92
18
122
128
7
30
60
106
53
18
30
122
44
7
128
53
60
106
92
30
92
128
18
122
53
7
106
60
44
60
30
122
53
7
106
92
128
44
18
128
7
44
18
60
122
106
92
30
53
106
53
18
30
7
60
122
44
128
92
128
122
60
53
44
106
7
92
18
30
7
44
53
122
60
18
92
106
128
30
60
106
122
18
7
44
92
128
30
53
44
30
122
53
128
92
60
7
106
18
106
18
53
122
60
92
7
128
30
44
106
128
60
92
122
44
7
18
30
53
92
30
128
53
7
122
18
44
106
60
92
60
30
122
7
106
18
44
128
53
106
30
122
53
128
7
18
92
44
60
53
128
44
18
30
92
60
122
7
106
30
60
18
53
128
7
92
122
106
44
30
106
128
44
18
53
60
92
7
122
60
122
128
106
18
7
30
92
53
44
128
92
30
18
7
53
60
44
106
122
53
18
30
60
92
7
122
44
128
106
30
60
106
122
128
53
7
92
44
18
53
106
7
60
44
30
122
92
18
128
128
106
60
44
7
30
18
92
53
122
60
30
7
44
128
106
18
92
53
122
44
122
92
128
7
30
53
106
60
18
