6
9
11
176
3
90
79
74
93
87
3
176
9
6
11
90
74
93
87
79
11
6
176
9
3
74
93
87
90
79
9
11
176
3
6
93
87
79
74
90
9
6
3
11
176
90
87
93
79
74
11
9
3
6
176
90
93
79
87
74
11
176
3
6
9
74
90
93
87
79
3
9
11
6
176
79
93
87
90
74
9
176
3
6
11
74
93
79
90
87
6
176
11
9
3
87
93
79
90
74
11
9
6
3
176
79
87
74
90
93
9
11
176
6
3
93
90
74
79
87
176
11
6
3
9
93
79
87
90
74
9
11
6
176
3
93
79
90
74
87
9
11
3
6
176
79
87
93
74
90
3
6
176
11
9
79
93
87
90
74
176
3
9
11
6
93
74
87
90
79
3
176
9
11
6
87
79
74
90
93
9
11
6
3
176
93
90
79
87
74
9
176
6
11
3
93
79
90
87
74
6
11
176
3
9
87
93
74
90
79
176
3
11
6
9
79
87
90
74
93
6
176
11
9
3
90
93
79
74
87
6
3
176
9
11
93
74
87
79
90
9
11
3
176
6
79
74
90
93
87
11
9
3
176
6
74
87
90
93
79
3
11
176
9
6
79
87
93
74
90
11
3
9
176
6
79
74
93
90
87
11
3
9
6
176
87
90
93
79
74
176
6
9
3
11
87
90
93
79
74
6
9
3
176
11
79
74
93
87
90
6
176
3
11
9
93
74
79
90
87
9
11
6
176
3
90
74
79
87
93
176
11
3
9
6
93
90
79
74
87
6
9
176
11
3
79
87
90
74
93
176
3
6
11
9
93
79
74
90
87
3
176
11
6
9
90
93
79
74
87
3
9
6
176
11
93
90
87
79
74
9
6
3
176
11
87
93
90
79
74
9
176
3
11
6
87
90
74
79
93
3
176
11
9
6
74
90
87
79
93
6
176
9
3
11
93
90
87
74
79
176
6
11
3
9
87
79
74
90
93
9
176
3
6
11
93
87
74
90
79
176
6
9
3
11
79
90
87
74
93
3
9
6
11
176
87
74
93
90
79
6
9
11
176
3
93
79
90
87
74
9
3
6
176
11
90
87
74
93
79
3
6
176
9
11
87
90
79
74
93
6
11
3
176
9
74
93
90
79
87
