2
108
11
18
115
75
113
57
111
17
17
2
18
11
111
75
108
115
113
57
115
108
18
113
2
111
17
75
57
11
57
75
108
115
113
2
111
18
11
17
113
11
18
2
17
75
108
115
111
57
75
17
18
111
2
57
108
113
115
11
75
57
108
11
18
17
111
113
115
2
11
113
108
111
75
17
18
2
115
57
75
11
111
108
57
17
115
2
113
18
57
115
18
108
111
75
17
2
11
113
57
2
75
113
115
111
108
11
18
17
108
115
113
11
111
17
75
18
57
2
115
113
11
2
75
18
57
17
111
108
57
18
11
17
75
111
115
108
113
2
115
18
2
17
11
75
108
113
57
111
108
2
115
75
111
18
57
17
11
113
111
75
17
108
11
2
113
57
115
18
115
18
108
2
111
57
17
11
113
75
108
18
17
111
57
115
2
113
75
11
113
115
57
75
18
108
2
17
11
111
57
17
18
115
75
111
108
113
2
11
75
17
115
2
108
18
57
11
111
113
11
75
113
108
115
111
57
2
18
17
11
57
17
75
2
18
108
113
115
111
18
115
57
108
17
75
2
111
11
113
18
113
108
17
57
2
11
75
111
115
57
111
108
18
115
2
11
75
113
17
113
108
17
111
18
115
57
11
2
75
111
18
17
75
2
108
11
57
115
113
111
75
108
17
2
11
57
113
115
18
11
111
108
115
75
113
2
18
17
57
17
111
115
11
75
2
108
113
57
18
115
11
57
108
75
2
17
18
111
113
2
115
111
108
113
11
57
75
17
18
115
57
75
111
108
113
2
18
17
11
2
75
113
108
11
111
18
17
115
57
115
18
113
57
108
111
2
75
17
11
111
17
108
18
11
2
113
57
115
75
57
113
17
111
108
2
115
11
75
18
17
113
75
18
115
57
108
111
2
11
113
111
75
108
57
2
17
11
115
18
113
18
2
57
75
108
111
11
17
115
11
2
113
75
18
57
108
17
111
115
11
75
2
113
57
115
18
108
111
17
111
11
113
108
115
75
17
2
18
57
111
108
11
2
57
115
18
17
113
75
111
57
18
115
75
17
113
2
108
11
17
108
75
115
11
111
18
2
113
57
11
18
75
108
113
115
57
111
2
17
18
75
111
113
115
11
57
108
2
17
