136
585
839
46
34
175
36
17
419
121
286
15
21
35
145
102
287
33
40
663
160
830
130
190
17
102
21
36
139
16
20
287
134
15
46
175
145
240
30
129
286
36
34
175
46
12
181
596
287
121
33
828
104
35
40
130
103
139
141
106
830
419
46
240
425
287
663
104
106
129
121
21
20
181
839
585
138
136
197
777
16
17
106
828
139
664
36
37
823
103
33
197
145
159
121
104
40
34
425
287
839
181
20
40
35
240
17
130
136
175
139
106
823
585
16
15
178
37
129
287
46
147
664
103
121
12
240
823
30
104
138
106
585
425
197
15
190
40
175
145
585
197
36
12
839
160
596
138
46
21
159
34
181
32
129
823
664
398
425
17
425
777
12
129
130
20
33
35
37
190
823
133
147
828
175
46
419
106
138
121
102
287
197
12
104
147
138
828
121
145
46
181
286
106
830
141
130
190
16
40
280
777
130
20
240
30
145
121
663
103
139
106
828
136
35
40
160
398
37
585
141
280
160
398
121
16
147
240
33
287
139
30
129
777
419
40
103
133
175
197
190
134
398
15
178
21
17
129
197
40
36
286
159
133
106
104
37
585
147
240
32
104
136
585
828
15
103
398
130
106
159
280
178
286
33
17
663
425
240
12
15
425
398
32
103
286
178
830
40
35
181
197
106
777
16
34
102
828
33
823
287
134
159
141
181
139
280
830
121
12
663
17
425
104
40
145
147
823
16
34
828
419
141
121
159
830
398
287
136
36
139
134
15
20
129
21
40
34
102
839
197
133
280
419
141
839
585
129
40
33
103
145
20
134
35
139
16
663
121
287
160
36
287
181
419
197
139
596
178
33
103
286
145
777
46
839
40
823
20
106
280
136
425
130
36
839
286
133
40
17
823
46
33
139
106
159
102
35
121
34
40
197
159
106
663
103
21
36
828
287
425
240
12
145
35
32
30
147
419
15
280
15
240
32
46
35
40
121
823
20
147
103
828
178
159
181
830
197
34
175
104
33
106
17
12
178
40
21
197
138
287
16
35
134
46
160
664
286
15
133
46
287
596
35
133
181
12
106
585
159
280
121
160
178
15
823
16
20
134
777
287
40
160
159
20
139
121
777
178
823
104
147
130
190
33
280
15
138
34
16
129
160
664
33
121
141
102
21
37
46
147
419
287
133
40
828
398
15
190
104
129
16
197
36
425
286
585
664
106
102
17
240
828
178
777
15
20
121
103
32
136
32
585
160
121
663
181
175
145
40
16
197
35
30
777
190
287
425
159
596
12
134
30
240
777
46
181
17
40
138
839
32
197
398
585
136
280
104
15
121
160
21
663
777
33
585
40
139
30
104
419
34
121
17
828
287
130
286
596
425
777
16
33
138
286
36
159
37
823
839
240
287
46
121
102
160
141
103
139
419
141
104
240
145
121
130
585
147
425
159
138
160
663
36
664
20
823
777
175
596
30
823
425
40
190
147
34
136
160
46
15
145
37
175
141
839
287
286
36
102
104
830
425
20
280
145
190
12
596
777
585
16
15
34
133
663
141
181
17
286
34
17
240
839
33
197
398
830
37
596
121
106
823
15
828
139
46
35
777
419
823
159
12
398
286
663
178
280
147
839
160
425
46
596
17
106
21
181
104
35
585
16
141
828
823
35
160
134
36
419
30
106
138
33
663
21
102
32
136
181
15
147
398
240
121
830
36
20
103
12
160
181
102
46
138
823
839
130
419
175
15
286
280
159
138
40
32
36
585
139
20
141
33
830
46
17
136
777
287
121
36
823
839
138
663
16
160
35
106
425
145
197
190
133
175
30
147
102
287
40
141
103
130
287
134
15
828
159
121
30
129
663
419
398
425
33
181
36
32
17
159
425
133
40
147
823
141
190
15
12
35
34
175
17
596
286
777
136
130
102
823
16
287
419
839
147
20
30
197
240
130
103
134
425
104
21
830
136
664
160
287
106
286
828
129
398
103
830
133
34
147
141
839
240
16
40
102
585
36
175
12
46
40
240
35
17
129
37
102
398
585
130
34
133
280
181
664
141
175
160
138
178
419
145
103
20
30
16
136
181
37
40
102
121
197
160
664
663
129
106
190
181
32
777
398
197
17
823
280
130
160
40
596
147
46
16
30
134
175
287
287
35
664
596
130
34
30
136
106
280
286
15
419
103
133
12
823
139
21
159
190
136
664
160
129
103
280
175
12
102
287
777
141
21
398
585
286
830
828
134
30
398
103
20
37
21
240
663
36
664
160
133
147
121
181
15
102
46
16
828
