116
349
420
201
345
336
433
205
288
275
1365
170
190
173
285
178
335
2280
2504
2150
2489
706
1849
87
1973
171
1996
2117
2062
3203
1672
4613
2553
2127
3619
258
384
170
293
248
196
345
349
115
94
1385
360
318
211
335
344
285
2489
1414
2280
706
2276
13
171
4736
1780
1996
4100
2117
1672
2463
2553
889
2194
3619
190
348
360
248
349
210
293
433
384
288
318
1384
170
201
344
275
195
706
2017
2284
2280
711
171
1849
1996
1749
1780
4100
2117
1673
3203
4613
1913
3626
3619
247
288
329
168
384
349
300
196
223
201
190
438
105
409
195
275
205
1414
166
2280
2489
5525
1489
1996
4736
1749
1780
2117
4132
1673
3203
4613
889
3626
2194
409
345
115
1385
433
300
318
293
360
335
288
170
168
348
344
240
438
711
5525
1414
2276
2150
4736
785
1505
1849
1749
2062
4100
3346
2463
4613
1913
3619
537
210
288
258
115
345
293
201
420
240
170
248
211
116
1385
300
1384
348
2284
2280
702
5525
1414
785
1849
1996
13
1489
4132
2345
1673
2463
889
2564
2194
1866
210
275
329
318
170
420
433
240
335
336
439
178
195
300
201
384
348
1696
2280
2284
2150
166
11
171
13
1749
785
2062
2345
1672
1669
2553
889
1866
2127
116
223
170
211
185
115
335
360
105
247
1365
409
201
195
1385
300
285
702
1696
2284
711
1414
1489
785
4736
1973
1505
2062
2345
1673
3203
1913
2153
2194
3626
258
201
240
439
195
285
348
345
173
170
336
196
288
1384
116
420
433
2280
5525
711
2017
2284
1749
87
785
1849
171
2062
4100
1673
1672
2153
2553
2127
1866
348
173
288
263
275
115
1365
94
438
1385
285
170
190
433
210
318
409
706
2276
166
1696
2504
4736
1489
1973
11
1996
2062
2117
1673
3346
2564
2153
3626
3619
195
285
240
115
348
344
105
178
210
438
409
329
211
190
384
420
247
2017
702
706
711
2280
13
1849
1996
1489
87
2345
2062
1669
1673
1913
889
3619
537
360
345
409
201
94
344
173
384
223
335
258
439
438
329
285
185
248
711
2280
2489
702
2284
1780
13
11
4736
87
2345
4132
3203
1673
889
4613
3626
1866
285
240
335
223
116
433
1385
195
247
210
288
211
115
336
420
345
300
2489
1696
702
711
1414
1996
1489
785
1973
13
2117
2345
2463
3346
889
2153
1866
3626
240
115
94
384
300
1384
201
210
420
293
178
329
258
349
344
439
336
5525
1696
2504
2017
2276
11
171
1779
1749
1505
4132
2117
1673
2463
889
2564
2127
2194
105
349
195
185
348
300
1384
210
173
240
168
288
263
433
275
201
190
5525
1696
2280
2276
166
171
1489
1996
13
785
4132
4100
3203
3346
2564
4613
2194
3619
409
195
247
349
211
300
1384
285
263
1385
115
439
94
433
196
288
293
2284
166
702
711
2504
11
1849
1780
171
13
4106
4132
1672
1673
4613
1913
3619
2194
168
420
439
300
1365
329
360
178
1385
438
263
195
94
336
210
349
258
2150
1696
5525
706
2284
1780
1505
785
4736
87
4132
4100
1669
1673
2553
1913
3626
1866
433
178
348
360
210
247
329
438
240
205
211
115
384
409
439
344
318
5525
2276
1414
2284
2017
171
87
4736
1849
1505
2117
4132
3346
3203
2153
1913
3626
1866
116
335
210
115
168
1384
336
433
94
344
409
384
223
201
240
420
205
702
2276
711
166
2504
11
1780
1779
87
785
4132
2345
1673
2463
2153
2564
537
2194
195
1384
105
196
115
94
409
205
384
275
360
335
258
329
438
211
344
5525
2284
2017
2504
2150
4736
1973
1849
1505
1996
2117
4106
3346
1669
4613
889
3619
537
168
247
1385
285
329
420
248
94
170
293
178
185
344
240
318
288
360
2504
1696
2017
5525
1414
1849
1779
11
1996
4736
4106
2062
3203
1672
2564
2553
537
1866
439
300
240
349
438
247
248
409
116
275
318
384
433
263
329
178
196
711
1414
2489
5525
1696
1849
1505
87
1489
1973
2345
4106
2463
3203
2153
2553
1866
3626
409
335
116
438
258
248
1385
293
170
205
185
168
300
201
196
105
349
1414
2150
5525
706
2284
87
1849
1780
1489
1505
4132
2062
1672
3203
2553
1913
537
3626
105
116
1385
293
439
329
258
248
348
275
409
170
195
205
420
196
263
166
2150
2504
2489
702
1973
171
1849
1505
1779
2062
4100
2463
3346
2553
4613
3619
2194
105
285
409
185
211
210
318
190
329
275
300
344
1365
258
248
345
170
2150
702
1414
711
706
11
1780
1779
171
87
4132
4100
1673
1672
4613
1913
537
2127
205
201
258
170
1385
384
344
248
336
300
1365
210
116
349
178
345
293
2017
2150
1414
706
711
1505
785
1779
1973
11
4132
2117
1672
1669
2564
889
3626
537
439
116
420
329
293
248
247
240
288
205
105
345
173
190
210
409
275
2017
702
2284
706
2276
1996
785
1780
1749
1505
4132
4100
1669
1672
1913
2564
3626
1866
201
248
190
318
170
300
344
196
185
168
275
210
205
263
360
116
247
2017
2276
166
702
2504
1780
1749
1489
11
4736
4106
4132
1669
1672
2564
2153
537
2127
1384
115
201
275
178
344
258
190
247
335
248
94
196
210
205
349
168
1696
2280
2489
2276
5525
785
1749
1996
171
1489
4100
2345
1673
2463
2153
889
537
2194
1385
1384
348
105
293
420
384
170
211
178
247
288
195
258
318
300
275
2489
711
706
1414
2280
11
1973
1505
1749
171
2117
2345
1672
1669
2153
4613
3619
3626
248
439
409
185
211
345
170
201
94
210
195
349
275
116
336
329
178
2489
166
706
5525
2504
1780
785
1505
87
1973
2117
2062
2463
1669
2564
2553
537
3626
300
116
348
178
318
210
115
205
247
335
201
433
349
285
94
173
360
1696
2489
711
2280
2284
1505
87
1779
1996
1489
4100
4132
1673
3346
4613
889
1866
2127
360
247
116
409
185
173
288
211
205
263
433
210
285
105
201
94
195
2280
2489
1414
2150
1696
1749
1780
1505
1779
4736
4132
2117
1669
3346
4613
2564
2194
3619
275
360
201
223
420
1365
263
285
329
345
433
94
115
349
348
438
240
5525
2284
1696
711
2504
785
1973
4736
1749
1849
2062
4100
3203
1672
2153
2553
3619
2127
94
105
190
439
185
195
1365
196
275
293
1385
420
348
433
115
336
345
2280
2504
2489
702
1696
1489
13
1780
1779
1973
4100
2345
3203
2463
4613
2564
3619
3626
318
116
439
293
205
288
263
360
438
94
348
1385
275
196
185
433
335
2280
702
706
2150
711
171
4736
1505
1779
1749
2062
4106
1672
3346
2564
4613
2194
3619
349
94
247
105
318
348
195
205
223
116
201
439
438
1385
344
360
384
2276
2017
1414
1696
702
1780
87
1996
1749
1849
4132
2062
1673
3346
1913
2564
3619
2194
293
349
433
439
115
205
168
170
211
285
116
1365
210
384
318
248
201
2017
2504
702
1414
2284
1973
1489
13
87
1779
2345
4106
1673
3346
2553
4613
3626
2127
329
247
288
344
211
178
293
94
1384
318
170
300
168
1385
248
438
433
702
706
2284
2504
166
1780
171
11
1749
1489
4106
4132
1669
3346
2153
4613
3626
3619
275
1365
223
178
329
116
168
293
420
285
300
185
248
196
240
263
173
5525
2504
2150
2284
2489
1973
11
171
785
1849
4132
2117
1672
1669
2553
4613
3626
537
335
185
205
409
384
329
288
300
196
115
336
210
1365
170
94
195
168
2276
2489
166
711
706
1973
1489
171
785
1749
2345
4100
2463
3346
2153
889
1866
2194
190
384
349
173
240
1385
247
345
360
433
178
168
195
335
170
258
201
1414
2489
2284
5525
702
1973
1749
13
1489
785
4132
4100
3346
1672
1913
2153
1866
537
190
336
285
318
201
170
384
1384
348
439
173
210
349
223
300
275
263
702
2504
2017
2489
2150
1780
13
1749
1996
1973
4100
4132
1672
1673
2564
2153
3619
2194
344
258
345
318
223
348
263
201
170
1385
178
285
293
349
275
248
384
706
702
1414
1696
711
1749
785
4736
1849
1505
2117
2062
1669
1672
2564
2553
1866
3626
348
1385
1384
409
275
300
349
335
345
116
173
288
185
420
115
248
196
702
2017
2150
2276
166
4736
13
785
1749
87
2062
2345
1669
1672
2153
889
2194
2127
384
201
115
345
223
420
211
185
168
329
439
205
173
438
433
1384
190
166
702
1414
5525
2017
4736
1505
1996
87
785
4132
2062
3346
1673
4613
2553
1866
3626
178
344
1365
170
263
210
439
185
190
285
329
201
173
335
258
288
247
706
702
2017
2276
166
1996
1849
171
87
1780
4106
4100
1673
3346
2553
2564
3619
537
223
360
201
173
275
170
439
115
1384
318
349
348
344
384
285
288
247
2504
2276
5525
1696
2489
1505
1996
1749
1489
1779
4132
2062
1669
1673
2153
889
3626
2194
300
185
1365
195
285
178
115
201
318
196
433
205
263
438
258
247
384
706
2504
2489
2284
2280
1505
1996
4736
171
1849
2117
2345
2463
3203
4613
2153
2127
3619
240
201
105
211
247
248
185
433
438
116
345
1384
1385
263
439
285
275
5525
1696
2489
2280
711
13
87
1849
1749
1996
4132
2345
2463
1672
4613
2553
3626
3619
