57
75
11
2
18
17
111
115
108
56
75
111
18
108
17
11
115
57
56
2
111
17
2
115
57
108
56
18
11
75
17
115
57
111
75
18
11
56
108
2
11
108
115
56
111
2
57
17
75
18
111
2
11
17
56
75
115
57
108
18
17
75
56
111
2
11
115
57
18
108
115
11
17
2
57
18
108
75
56
111
111
2
18
115
75
17
57
11
56
108
115
57
111
2
11
56
18
108
75
17
56
57
111
108
115
18
75
17
11
2
11
75
115
56
111
18
57
2
17
108
11
56
108
18
17
57
111
75
2
115
57
108
2
111
17
18
11
115
56
75
115
18
56
11
17
57
108
75
111
2
57
115
56
18
108
11
75
111
2
17
115
57
11
111
56
108
75
17
2
18
11
2
75
17
56
57
18
111
115
108
115
2
18
108
111
57
11
56
75
17
108
2
75
17
56
115
11
18
57
111
17
108
57
56
2
11
18
111
75
115
11
115
17
56
57
108
2
18
111
75
75
2
111
17
56
57
115
108
11
18
11
2
75
111
115
56
17
18
108
57
115
111
75
17
18
56
108
11
57
2
2
115
108
17
75
11
56
57
18
111
75
108
11
57
17
56
2
115
111
18
75
11
111
56
57
2
18
115
17
108
115
18
57
11
2
111
17
75
108
56
17
57
56
11
115
111
2
75
108
18
2
18
17
75
11
56
57
108
111
115
18
11
57
75
111
108
17
2
56
115
115
56
108
75
111
57
18
17
2
11
56
11
2
108
57
18
115
17
111
75
18
75
115
56
2
57
111
108
17
11
108
11
2
17
18
56
115
57
111
75
57
115
111
2
108
75
56
11
17
18
2
18
75
56
111
11
57
115
17
108
75
108
57
111
11
115
18
2
56
17
111
108
57
11
75
115
56
2
18
17
111
75
17
2
56
11
115
18
108
57
18
75
17
108
2
111
11
115
56
57
18
75
56
11
115
108
57
111
17
2
108
18
57
111
75
11
2
56
17
115
75
108
11
56
18
115
57
111
2
17
18
56
75
11
111
2
115
108
17
57
18
115
57
11
2
108
75
17
111
56
56
18
17
108
57
11
111
2
75
115
17
56
108
11
111
57
2
115
18
75
2
115
111
108
11
75
57
18
17
56
