122
60
30
53
62
7
92
44
128
106
62
92
106
44
122
128
53
30
7
60
30
128
7
106
53
92
44
62
60
122
44
53
7
30
106
122
62
60
128
92
30
7
122
60
92
44
128
53
106
62
128
44
62
30
7
60
53
106
122
92
128
60
122
62
53
106
44
7
92
30
106
128
60
44
92
53
30
122
7
62
30
92
44
122
106
53
62
128
7
60
44
128
60
106
92
122
53
62
30
7
106
122
128
44
60
30
53
7
92
62
53
128
60
106
122
30
44
7
62
92
128
62
53
122
44
30
92
60
7
106
122
53
128
62
106
60
7
92
44
30
60
7
92
128
62
106
44
53
122
30
60
7
44
53
122
30
62
128
92
106
53
62
92
7
30
106
60
128
44
122
92
128
60
106
122
7
30
62
53
44
44
62
30
122
60
53
7
128
92
106
106
30
7
122
53
44
62
92
60
128
60
30
106
44
53
92
128
7
62
122
92
7
128
44
60
62
106
122
30
53
7
92
30
53
60
62
128
122
106
44
30
60
106
128
44
92
62
122
7
53
53
60
106
62
92
7
44
128
30
122
62
53
60
44
122
106
7
128
92
30
92
122
60
106
62
7
53
44
30
128
44
60
62
122
53
30
7
128
106
92
106
60
122
53
92
44
30
62
7
128
30
53
44
106
62
92
7
122
128
60
92
30
106
62
7
122
60
53
44
128
53
7
106
92
62
122
30
128
44
60
92
128
30
60
106
122
53
62
44
7
53
62
106
30
44
60
128
92
122
7
128
62
60
7
44
122
106
30
92
53
106
122
60
44
92
7
128
53
30
62
92
60
128
122
62
53
106
30
7
44
44
53
92
60
30
128
106
122
7
62
62
53
122
30
106
44
60
92
128
7
128
30
122
62
106
92
53
7
44
60
60
7
122
106
53
62
128
30
44
92
60
122
7
128
44
106
30
53
92
62
53
128
122
92
7
44
62
106
60
30
30
92
53
62
106
128
44
7
60
122
106
7
128
30
53
92
44
122
62
60
30
7
92
62
53
44
60
106
128
122
53
122
128
106
30
92
62
60
44
7
44
62
53
122
7
106
128
60
92
30
44
106
53
128
60
92
62
122
30
7
106
92
60
62
7
53
128
44
122
30
