23
1
31
22
3
22
1
3
23
31
1
23
31
22
3
31
23
3
1
22
3
1
22
23
31
3
23
1
22
31
1
31
22
23
3
31
3
1
23
22
31
23
1
3
22
31
1
23
22
3
3
1
23
22
31
1
31
23
22
3
31
3
23
1
22
31
23
1
3
22
31
1
3
23
22
23
22
1
3
31
1
23
3
31
22
31
22
1
3
23
23
1
22
31
3
22
31
3
23
1
31
23
3
22
1
22
3
23
1
31
31
22
3
23
1
1
3
31
22
23
22
1
23
3
31
3
23
1
31
22
1
23
31
3
22
31
1
3
23
22
1
3
31
22
23
22
3
1
31
23
31
23
1
3
22
23
1
3
31
22
31
23
1
22
3
23
31
1
22
3
3
23
1
22
31
31
22
1
3
23
22
31
1
3
23
1
23
22
31
3
22
23
31
1
3
22
31
23
1
3
3
1
22
23
31
31
23
22
1
3
3
1
23
31
22
3
31
23
1
22
23
22
31
1
3
3
1
22
31
23
22
31
1
23
3
23
31
1
22
3
3
22
31
23
1
22
3
1
23
31
