77
18
1
85
58
52
8
77
85
50
17
8
58
18
1
85
8
77
58
85
77
1
88
121
18
50
50
18
17
8
85
121
88
52
58
18
58
8
85
17
85
77
58
18
121
8
8
85
17
50
17
8
85
121
1
52
85
58
18
50
88
50
17
8
77
58
77
58
17
8
1
77
50
88
85
8
17
18
58
77
52
17
58
121
85
1
58
50
85
8
77
52
18
58
17
8
8
50
18
77
1
77
18
50
17
121
58
50
77
85
8
121
85
52
50
77
17
50
18
58
1
8
88
77
50
52
17
77
58
50
77
8
1
17
52
50
58
8
17
50
8
77
17
88
1
18
18
58
17
85
8
52
58
1
77
88
18
77
58
8
58
88
52
85
121
8
85
8
58
77
17
77
121
18
1
88
50
17
8
58
58
52
17
8
85
18
85
18
17
58
8
18
52
121
58
88
85
77
17
50
17
88
121
52
50
8
77
58
50
18
8
121
52
85
17
88
50
85
58
77
121
52
50
77
88
85
77
50
85
18
50
88
17
58
121
1
8
18
17
77
8
52
85
17
50
77
85
50
77
17
85
58
8
121
18
17
85
50
58
8
17
88
8
1
77
85
50
18
8
17
52
88
18
85
50
58
58
18
50
77
1
85
88
58
17
8
8
18
17
58
85
52
8
77
50
17
77
18
17
58
1
8
58
52
85
50
8
17
18
50
121
18
52
8
17
77
58
50
85
18
18
52
85
58
1
88
17
77
50
8
1
77
17
52
121
88
8
17
50
85
121
88
17
52
18
50
58
50
17
8
1
77
121
50
88
58
18
17
77
58
88
1
50
85
8
17
8
77
85
58
18
1
88
50
58
77
18
77
58
8
52
77
88
8
17
121
17
18
8
58
1
85
88
121
8
77
58
8
17
50
88
18
121
58
8
17
85
8
17
58
85
88
17
58
52
121
8
50
17
77
85
8
121
50
1
77
85
8
18
58
17
77
85
121
88
18
85
8
50
77
52
1
8
50
18
88
17
77
50
58
88
50
8
77
1
85
8
18
58
77
88
52
58
1
17
50
18
50
85
8
18
8
17
50
121
77
85
77
17
8
17
77
85
58
52
88
85
17
50
77
58
88
17
18
85
52
8
18
50
85
