49
30
15
19
53
5
53
15
5
19
15
49
53
30
53
5
53
19
53
30
53
30
15
30
19
5
30
49
30
5
49
19
15
5
19
53
30
19
30
19
49
15
19
30
19
5
15
19
19
5
15
5
30
5
53
15
53
19
30
5
30
53
5
53
19
15
30
53
19
53
19
49
30
53
30
5
49
30
53
19
49
30
15
5
19
5
49
15
5
53
30
49
19
19
53
49
53
15
53
19
19
5
53
30
53
30
5
15
5
30
49
30
15
19
5
19
30
5
30
5
5
49
15
19
30
15
19
53
5
53
53
19
30
19
53
53
15
49
53
30
30
19
15
53
30
53
49
19
53
5
53
19
15
53
5
53
15
19
19
5
15
30
49
53
19
30
49
19
53
30
19
5
49
5
19
30
5
53
30
53
19
5
30
53
5
30
19
53
53
5
30
15
19
5
30
49
5
15
53
30
53
15
19
5
30
5
15
49
5
30
53
19
15
53
30
15
53
49
5
53
15
5
19
5
30
49
19
53
5
19
49
53
15
53
30
49
5
30
5
19
49
19
53
19
53
19
15
5
19
30
