61
110
177
118
107
4
179
34
57
51
110
107
179
34
61
177
57
4
51
118
118
4
110
61
179
51
177
57
107
34
179
4
57
61
110
118
34
107
51
177
57
51
110
61
107
118
179
177
4
34
61
110
179
107
34
177
4
57
51
118
110
57
4
61
51
177
118
179
34
107
51
107
177
57
34
118
179
61
4
110
177
57
51
179
118
61
107
110
4
34
107
118
179
4
34
61
57
110
177
51
110
107
51
118
61
177
34
57
4
179
57
118
107
51
34
4
61
179
110
177
51
107
179
177
61
34
110
57
118
4
179
110
177
61
34
57
118
4
107
51
110
118
57
179
4
34
51
177
107
61
110
107
118
51
61
34
4
177
57
179
51
179
4
177
110
61
57
34
118
107
51
57
179
110
61
118
177
4
107
34
4
51
61
34
57
179
110
118
107
177
177
179
51
107
118
57
34
61
4
110
118
177
34
179
61
110
51
107
4
57
61
107
4
177
110
118
34
179
57
51
51
4
107
118
177
34
61
57
110
179
51
4
57
34
107
179
118
110
61
177
179
34
107
57
110
118
61
177
51
4
118
57
51
4
107
177
61
179
110
34
61
57
107
4
118
34
177
51
110
179
179
51
4
177
107
118
34
57
61
110
110
57
34
177
61
107
51
4
179
118
34
57
61
110
118
51
4
177
107
179
57
118
177
4
107
179
110
61
51
34
110
57
118
4
61
107
179
34
51
177
118
107
57
179
110
61
51
4
177
34
177
107
179
57
34
118
51
61
110
4
179
118
110
57
51
4
34
61
107
177
61
110
179
4
118
177
51
34
107
57
4
179
177
51
110
34
57
118
107
61
4
57
177
51
61
179
110
118
107
34
34
51
110
57
4
61
107
177
179
118
51
118
34
4
107
110
61
179
57
177
57
107
4
118
110
61
179
34
51
177
107
34
57
110
179
177
51
118
61
4
57
179
34
4
118
107
110
177
51
61
57
110
177
34
179
118
61
107
51
4
34
107
118
4
51
177
57
179
110
61
34
110
51
4
57
107
179
61
118
177
110
61
57
179
177
34
107
118
4
51
4
57
61
118
179
34
110
107
51
177
4
51
57
61
107
177
118
110
179
34
51
118
107
177
34
57
4
61
110
179
