204
87
73
15
1
112
19
74
111
38
1
111
73
19
15
204
38
87
74
112
111
38
73
204
19
74
112
1
15
87
1
73
38
87
111
19
15
112
204
74
19
15
112
111
38
87
73
204
1
74
73
204
74
1
112
38
19
87
111
15
15
74
73
112
38
204
1
87
111
19
112
19
73
204
111
15
74
1
87
38
112
204
1
19
74
111
87
15
73
38
74
204
73
1
38
112
87
15
111
19
204
15
1
38
19
87
112
74
111
73
112
74
19
38
111
73
204
1
87
15
204
15
19
73
38
1
87
111
74
112
112
15
204
73
19
87
74
111
38
1
111
38
87
112
74
19
15
204
73
1
19
112
15
73
38
87
111
1
204
74
15
87
74
73
38
19
112
111
204
1
112
1
38
73
19
15
111
87
74
204
74
19
87
15
73
1
112
204
111
38
73
74
204
15
111
112
38
1
87
19
38
15
112
74
73
87
111
19
1
204
38
1
111
19
15
112
204
73
87
74
74
111
204
73
15
1
19
112
38
87
204
19
111
1
74
87
38
112
15
73
38
19
112
15
74
87
1
73
204
111
73
204
74
1
19
15
112
38
111
87
204
87
19
112
73
38
1
111
74
15
15
112
19
87
73
111
74
204
38
1
204
74
15
87
112
73
19
38
1
111
38
19
87
112
1
74
73
204
15
111
111
74
73
15
1
87
112
204
38
19
74
112
19
111
73
204
15
87
1
38
38
1
73
15
74
87
111
204
112
19
73
111
38
87
204
112
19
74
15
1
87
73
19
111
38
112
1
15
204
74
112
38
74
111
1
87
19
73
15
204
1
73
111
74
19
38
15
204
87
112
87
73
111
1
204
74
112
19
38
15
38
204
1
15
19
74
73
111
112
87
15
204
38
74
1
87
73
19
112
111
19
15
73
87
74
204
112
38
1
111
73
204
38
112
74
87
111
1
15
19
74
87
112
19
73
111
15
38
1
204
38
112
74
111
19
1
87
204
15
73
1
111
204
38
73
74
87
15
19
112
19
112
15
204
87
38
1
74
111
73
112
87
19
111
73
38
204
15
74
1
204
1
112
38
111
15
87
73
19
74
74
87
19
38
73
15
1
111
204
112
74
38
87
1
19
73
111
15
204
112
