5
23
29
18
30
23
29
30
5
18
29
30
18
5
23
29
30
23
18
5
23
5
29
18
30
30
18
29
5
23
23
29
5
30
18
18
30
5
23
29
29
30
5
23
18
18
29
23
30
5
23
18
30
29
5
23
30
5
29
18
5
30
18
23
29
30
5
18
23
29
5
18
23
29
30
5
18
23
30
29
18
5
30
29
23
23
30
5
29
18
30
18
5
23
29
29
5
18
30
23
18
29
5
30
23
18
23
29
30
5
23
29
30
18
5
18
5
30
29
23
30
29
18
23
5
18
29
5
23
30
30
18
23
5
29
23
30
29
18
5
5
18
29
30
23
5
30
29
18
23
5
23
29
30
18
18
30
29
23
5
29
30
23
18
5
23
5
30
18
29
29
5
23
18
30
5
23
18
29
30
5
18
23
30
29
18
30
23
5
29
23
29
30
18
5
23
30
29
18
5
18
23
30
29
5
5
23
30
29
18
18
23
5
30
29
5
29
23
18
30
18
23
30
29
5
29
23
5
30
18
30
29
18
5
23
29
18
5
30
23
5
29
23
30
18
5
23
18
30
29
