23
184
212
310
134
238
64
84
54
58
154
75
29
61
196
54
221
126
84
189
60
15
14
215
105
6
226
205
25
58
13
71
193
196
104
267
132
372
349
11
60
14
15
107
220
132
87
260
128
226
60
107
188
278
190
115
282
7
292
58
70
118
14
218
203
114
24
372
120
145
118
21
15
132
226
107
189
68
142
105
154
65
35
291
86
134
58
103
260
14
13
15
11
71
189
218
109
33
265
349
154
33
59
96
184
87
69
356
114
40
30
27
62
54
110
221
58
205
84
105
19
142
107
96
63
148
292
105
226
58
60
194
35
116
29
238
290
58
6
134
123
22
107
28
356
58
187
2
175
128
154
33
107
188
270
11
221
84
54
134
154
61
29
86
184
134
38
270
221
54
30
27
193
59
21
238
165
121
295
105
123
187
19
28
107
58
156
175
126
356
123
22
106
377
221
190
372
128
56
113
12
267
104
6
194
244
224
121
164
356
30
26
188
116
186
193
38
84
221
56
147
27
6
115
205
110
62
213
61
282
23
15
149
226
6
151
107
189
58
356
19
71
191
63
290
132
87
109
54
269
154
188
14
221
75
38
84
156
35
69
19
71
27
62
134
54
290
205
60
110
70
21
64
220
58
86
108
113
192
269
60
194
220
173
372
116
104
58
114
97
123
22
18
356
221
58
186
63
128
199
119
22
62
6
58
64
104
238
96
291
12
107
86
105
29
15
54
97
189
58
30
26
194
205
145
218
377
260
120
113
30
191
29
205
54
295
126
84
113
59
70
14
66
154
203
84
87
132
114
192
4
17
184
33
221
222
54
87
377
86
57
184
71
66
226
230
282
122
9
97
119
22
194
230
96
58
291
356
63
6
60
14
15
205
5
25
292
105
58
126
13
15
151
218
109
215
58
189
6
33
12
107
15
226
71
105
132
189
86
54
13
194
215
63
33
58
105
6
205
151
12
71
267
184
40
54
244
58
100
121
23
71
62
66
54
63
105
238
126
39
23
188
107
66
213
221
193
372
126
84
57
148
104
142
109
134
25
58
97
28
16
30
11
377
84
114
282
2
295
350
4
96
184
33
20
58
222
35
291
114
60
15
14
278
226
107
6
134
58
105
70
14
75
196
35
293
58
25
6
64
