68
18
10
77
35
80
59
18
64
0
18
3
77
97
10
2
10
64
68
19
68
81
60
18
5
68
2
8
18
64
18
68
10
81
60
80
77
35
18
58
6
77
97
58
18
2
68
8
18
64
80
19
77
35
58
18
68
10
60
81
6
18
77
8
58
68
80
0
77
18
68
2
18
4
64
59
19
78
5
64
80
42
58
19
0
18
3
59
42
64
68
80
19
77
0
59
80
18
64
42
59
42
80
0
18
68
18
77
10
35
2
19
8
68
64
80
19
68
77
35
68
77
10
35
18
59
19
80
64
42
68
81
60
18
5
80
68
19
60
42
59
18
1
4
65
59
80
64
19
0
1
18
58
35
77
80
59
42
18
65
18
68
77
5
81
1
77
19
58
4
80
58
0
77
18
42
3
58
19
133
59
18
78
10
64
59
1
78
19
64
3
60
10
18
97
1
58
35
18
78
1
59
18
65
64
68
80
0
77
19
80
58
0
77
18
18
80
68
0
77
3
60
97
21
10
3
59
10
64
18
68
80
18
77
35
6
19
78
60
35
80
59
64
0
18
3
77
10
58
18
