359
1
330
198
117
360
148
417
89
480
23
60
200
564
210
261
477
172
188
229
111
225
424
71
327
143
89
263
244
268
87
115
495
206
286
21
268
360
2
229
60
373
322
21
176
318
177
592
38
9
204
21
317
165
92
120
230
71
318
5
113
198
131
89
202
337
592
148
389
480
359
42
121
210
171
89
172
71
9
226
116
524
373
44
177
109
311
185
388
38
199
42
202
127
121
417
253
229
358
200
472
42
68
70
118
91
145
171
470
305
221
112
65
120
477
229
310
27
181
79
472
18
43
27
469
12
2
592
145
479
125
21
291
131
254
61
723
327
122
592
241
524
305
477
91
9
120
327
268
207
114
165
121
210
52
542
188
26
27
358
209
383
27
118
268
145
188
91
310
332
222
118
55
171
71
5
318
310
188
9
225
213
253
226
286
185
148
261
332
89
23
291
373
42
358
117
592
21
38
130
166
272
592
110
323
12
307
548
397
2
472
18
261
9
170
145
319
450
122
94
168
172
121
199
124
43
310
188
9
311
111
55
198
302
22
177
109
258
229
50
113
42
62
358
233
27
9
181
310
200
113
121
202
17
200
91
358
130
374
542
113
165
383
121
170
220
2
52
69
327
60
373
322
318
21
171
89
12
303
259
166
317
9
21
396
305
469
123
72
548
56
61
1
172
291
27
148
254
592
477
359
265
27
1
396
291
592
79
480
622
61
116
323
171
109
327
305
9
286
259
524
114
64
232
261
305
396
227
548
268
182
201
4
171
235
165
173
79
502
27
87
475
21
302
120
232
323
286
9
261
111
198
82
121
70
86
43
220
333
130
199
56
64
168
374
192
31
470
12
148
524
272
56
4
61
396
258
110
72
370
166
125
145
122
2
55
29
548
592
12
61
396
224
197
317
27
131
469
148
19
56
68
21
92
232
254
261
468
424
230
225
272
52
142
286
7
327
188
480
316
524
222
113
290
19
4
303
94
260
239
18
223
472
6
319
75
38
83
548
360
241
205
4
253
417
198
317
185
239
89
225
241
130
357
328
623
86
622
332
333
87
124
265
302
253
374
620
468
360
17
114
524
109
6
385
223
210
592
169
82
87
317
253
109
360
206
258
261
270
229
199
396
60
176
38
469
192
480
188
305
