1
219
70
4
178
867
306
771
744
609
254
630
155
859
260
253
24
668
244
1058
199
70
221
259
784
86
244
575
195
269
572
494
926
170
679
630
65
505
1058
1098
74
173
8
219
325
744
815
861
315
2
304
594
1006
1160
820
1106
766
142
665
98
214
258
602
69
329
212
315
847
770
7
512
514
487
244
780
777
509
277
223
266
21
258
321
817
812
345
266
7
567
509
873
198
650
193
926
99
849
646
832
609
74
219
2
255
151
788
1006
1106
302
216
427
327
196
1056
591
472
665
867
594
497
307
563
153
21
269
654
3
313
1098
447
733
770
856
225
312
509
207
196
261
804
1
141
426
178
306
318
862
447
147
93
765
787
566
505
249
492
732
17
248
809
153
449
139
944
340
596
157
9
151
353
315
613
150
247
229
193
10
592
494
158
63
70
153
248
302
596
764
792
210
170
587
1006
175
3
859
736
701
85
253
318
322
251
173
179
5
474
837
489
1056
569
362
307
866
1106
98
609
34
193
494
196
59
807
789
730
512
1006
788
787
183
514
150
587
34
250
859
17
654
867
327
482
251
173
590
148
1006
67
39
482
150
87
512
277
362
858
665
565
304
210
98
351
168
78
308
173
730
167
217
595
247
858
509
142
1308
1195
3
764
62
495
175
1106
851
314
306
442
103
501
266
1006
809
332
170
764
164
261
572
665
447
505
567
216
199
82
450
157
61
474
841
340
345
277
591
179
79
7
211
595
499
878
1058
784
814
251
162
797
15
806
353
216
193
445
494
103
196
504
315
183
665
266
1056
505
219
133
4
442
807
268
169
32
637
787
7
595
323
665
859
96
514
609
327
216
214
78
760
601
149
595
312
158
1016
589
212
924
591
509
1160
1060
193
505
3
261
606
449
68
206
139
222
806
328
1214
665
764
33
158
810
85
595
701
183
353
253
60
161
805
329
484
867
764
3
744
83
277
596
816
1058
253
207
318
489
766
175
222
608
30
600
255
14
607
926
34
216
130
1308
249
267
646
17
1060
730
313
1270
145
74
1006
11
525
1056
819
524
216
261
770
665
154
611
281
822
349
816
646
196
851
450
340
308
598
485
333
268
321
105
133
611
810
589
665
506
1323
923
193
277
571
156
166
49
587
841
1017
599
150
244
94
689
445
784
65
158
613
207
1058
867
314
199
156
58
103
447
353
1006
328
472
269
801
167
525
207
598
668
630
210
32
478
146
61
157
771
134
148
646
3
427
812
247
477
594
229
572
701
325
259
76
74
314
168
11
362
81
325
182
764
594
183
217
165
315
247
1066
770
33
1214
1270
168
74
8
789
577
159
732
849
341
193
241
613
33
591
98
304
679
178
119
225
66
260
184
268
744
426
333
820
1058
164
1056
172
490
487
211
611
581
528
591
142
307
133
11
21
588
565
9
341
861
1006
568
454
830
158
268
646
421
567
198
820
314
336
151
166
867
206
210
150
247
263
1058
512
830
69
281
613
313
119
182
7
166
176
590
872
8
81
448
732
878
178
816
796
1056
207
494
3
32
210
1173
835
80
176
160
835
49
263
156
505
249
254
427
816
926
866
140
1442
697
165
543
1060
590
199
80
807
105
277
1016
604
218
62
225
348
421
244
495
207
689
788
505
89
224
166
184
93
172
268
131
345
592
1173
156
835
332
866
84
140
187
646
525
96
80
206
847
806
427
796
241
1173
170
69
1056
590
764
697
216
612
832
505
304
312
602
162
176
477
266
210
1056
263
198
514
362
87
89
643
665
271
158
7
844
281
307
39
814
163
313
268
9
485
787
646
1066
187
809
730
506
210
514
142
324
784
760
61
39
1123
427
501
217
324
253
13
172
32
198
1214
170
1098
572
481
211
611
58
160
340
677
789
345
255
567
101
87
512
24
362
577
572
147
613
1214
514
259
162
75
847
178
251
101
79
808
325
494
315
225
353
281
1060
630
1214
266
216
170
74
179
583
63
57
1016
14
449
158
281
312
451
1173
668
611
524
197
567
878
866
78
221
206
573
328
182
61
744
784
163
241
1160
1058
149
810
832
806
13
1214
1066
166
322
64
173
512
858
61
861
1098
158
362
1056
3
609
1269
697
536
824
81
210
606
147
426
49
248
765
141
101
812
266
149
565
689
172
872
447
249
809
595
596
160
139
148
817
483
8
247
476
345
327
216
849
861
497
477
9
866
878
668
596
66
224
811
155
142
1173
251
810
495
448
207
579
216
198
766
427
816
701
196
534
314
206
8
78
867
1006
1016
210
505
567
362
269
247
1160
154
572
207
158
1056
3
308
68
61
851
449
493
534
630
264
595
1065
856
142
580
198
210
3
193
613
271
