561
75
1748
707
60
157
727
1616
841
742
2425
2172
38
433
815
724
285
1129
1163
1282
1370
2387
1628
1031
1092
568
88
473
195
618
264
2784
2213
533
592
371
1348
232
550
817
834
1776
1495
476
428
35
749
1137
1755
390
663
318
1107
461
667
122
46
2020
488
2596
1721
32
818
822
560
479
1118
527
2256
468
1092
1711
616
719
189
225
558
1008
725
125
697
667
1397
733
326
209
699
79
120
821
1777
24
716
3048
45
481
939
775
1092
1113
755
291
532
22
1008
1100
2502
1354
753
710
2785
1066
463
731
172
209
742
651
527
681
1092
383
288
891
727
55
593
118
1133
909
2425
640
669
65
1113
39
285
647
632
532
1984
828
616
471
45
1731
2208
1295
2263
1241
71
561
788
433
667
110
1100
653
2172
41
527
1119
607
652
2565
1194
23
1521
4262
1685
2115
2798
1821
3827
3173
240
657
747
1956
1113
1018
2425
891
331
665
308
813
731
155
817
304
1397
939
2635
1092
175
833
1295
1207
2017
154
237
758
681
487
752
730
55
1991
753
1066
1919
1674
24
1364
1157
583
45
939
661
573
2236
548
2797
2122
1108
64
1144
675
1104
285
38
1616
1747
553
606
65
2748
604
687
2387
826
603
1635
828
981
2800
1628
161
2020
55
318
598
24
1956
285
573
487
1748
766
909
764
1144
144
532
506
623
1628
155
1755
1367
999
235
5
956
700
46
318
558
67
226
690
1364
32
317
873
1295
718
904
891
232
302
998
1354
725
1949
1146
601
287
1092
598
543
588
208
24
1133
1107
258
371
710
67
738
573
1642
2387
110
980
1834
2045
999
993
822
2208
1978
495
192
557
105
237
713
618
904
666
546
103
984
428
1853
828
1146
1949
188
833
891
742
1290
1628
494
1062
1986
173
568
46
40
482
909
2208
998
729
1801
809
2256
680
1368
38
592
162
479
3301
2798
1685
66
110
1041
527
118
157
585
31
1295
1949
716
487
841
678
161
1861
65
1691
1023
821
117
1956
720
531
1146
2797
189
1104
815
220
429
587
2261
43
1129
753
573
2387
616
1001
1691
669
1983
2785
348
665
2045
247
718
2797
26
2471
1133
1018
1108
51
700
3173
666
2172
2798
2020
1371
433
601
2800
59
715
909
724
559
1059
41
470
731
49
1160
1628
553
240
1444
383
1135
701
724
2596
548
133
613
1987
939
45
196
1919
358
597
2545
123
859
324
373
478
891
812
20
755
24
1135
542
753
285
581
42
880
161
2232
1463
27
479
1979
2020
720
38
696
1766
1118
737
1104
1189
118
641
39
1129
1678
725
724
2502
560
597
305
1721
1949
609
24
2960
1780
733
973
1230
583
2263
716
304
821
20
701
1133
1066
43
46
970
104
1118
813
27
1768
24
837
909
2490
655
49
305
980
797
199
584
729
1397
707
20
1144
1107
338
724
465
41
701
616
247
348
1104
175
3
666
484
383
971
483
592
69
633
817
652
588
22
208
357
146
633
681
124
281
2172
822
2387
1354
821
1118
969
815
49
79
45
2020
382
1854
2471
337
219
641
318
914
730
754
229
1359
1230
175
999
383
537
1771
958
1092
661
302
488
257
317
836
844
880
616
1672
626
1066
1637
1008
2208
190
616
494
1719
1674
697
1148
1113
105
2263
133
797
869
537
2017
891
1983
597
813
60
707
1133
1113
124
752
69
285
788
705
2263
981
584
743
1325
59
692
1189
2232
308
869
1023
761
1673
1685
53
1108
621
285
55
815
585
49
652
2172
633
1984
335
1295
821
22
616
24
2020
2490
1148
718
103
2256
38
104
588
987
598
39
464
690
2017
724
2172
208
999
832
741
1148
188
1711
997
1367
1707
1842
24
309
716
63
568
220
103
2251
775
283
24
548
2280
874
1521
1283
1148
56
731
2797
373
679
1360
2565
1011
1102
1810
1018
1949
285
1956
820
1135
51
1092
1314
2748
859
1318
958
2379
2677
1748
1976
1849
158
583
531
607
470
2635
38
1616
1283
670
225
970
1144
2425
2017
909
126
2020
237
1949
1854
560
634
501
841
24
616
493
586
815
2610
120
1010
604
64
382
593
1956
766
666
533
67
909
2723
2017
873
2748
623
49
876
2387
729
553
1616
719
731
597
161
981
118
157
670
22
155
730
836
604
49
616
1854
2425
1354
1348
548
2512
527
2020
1011
631
390
553
79
815
2263
157
382
42
911
667
170
23
1354
738
607
775
548
891
2490
1339
495
958
2798
807
2172
1113
980
1768
652
1674
559
333
219
326
669
562
296
828
1230
604
1129
320
536
1295
727
1332
503
1987
1353
2385
2571
634
1637
616
24
280
588
231
788
115
583
1354
1991
718
1637
133
821
498
2017
621
1359
188
230
2208
1854
1714
616
272
997
152
137
820
480
31
840
190
65
311
815
1616
337
492
655
632
305
2280
2045
833
1956
1753
743
1003
940
38
1
64
587
778
23
2387
161
725
958
1949
1359
1354
66
428
2518
1042
826
662
510
27
1189
880
1748
718
2800
2748
670
154
237
467
1991
155
561
815
1359
573
958
279
2425
2543
730
661
527
548
1616
481
24
836
1674
939
658
42
581
22
382
192
670
1100
335
482
1109
1207
1230
122
2172
768
428
471
1367
1986
869
940
815
720
486
2263
53
382
1314
820
1397
162
542
609
705
1092
1691
479
1189
2543
1956
841
2512
497
2798
103
1979
1339
729
800
57
139
778
974
588
1685
41
27
560
2784
675
971
609
2570
24
2045
725
1144
1747
35
117
1107
1842
1354
968
2208
233
707
562
477
127
598
1748
2020
971
974
753
279
548
954
527
1674
1127
592
939
1987
478
383
729
880
1784
39
598
503
1354
89
559
41
65
310
909
275
741
1748
63
1230
2003
616
690
281
2172
753
904
1397
891
724
1672
18
670
586
1676
1
474
469
1006
772
2045
1354
1290
1157
541
630
720
1726
2068
1697
479
2471
939
1637
1719
233
675
24
1135
105
700
480
1616
716
690
536
1641
1314
724
1062
606
483
1919
27
2114
1861
2020
2784
474
1983
587
226
277
567
909
778
1463
74
324
1990
2385
998
969
737
1359
2017
302
2610
1748
1680
939
2799
880
24
1715
39
55
127
701
285
806
1397
993
1677
779
1332
1100
703
1674
1718
729
103
1133
666
2490
2545
719
1731
532
589
291
710
1066
1699
1748
560
204
24
841
904
980
909
172
175
150
583
1144
2020
690
799
753
1354
563
1006
536
