802
907
1018
72
1928
218
958
2232
429
4922
926
1771
761
2346
760
3761
3883
4368
1435
3021
4297
2783
789
2703
1383
5277
1961
77
5194
2012
1621
3198
4116
3657
1396
1007
5400
2420
2220
2757
1008
856
37
1175
1848
3711
3503
251
90
938
2525
478
1500
4380
3872
3023
2021
1673
4197
88
1569
1958
953
3195
1813
2397
2220
3699
3744
3366
5195
6480
1962
2785
2983
1660
931
3334
231
1267
779
256
772
972
43
610
1155
3756
1289
1862
3899
1103
1515
3743
1219
1014
2092
232
2970
1884
6749
6230
2825
5045
1143
1391
1448
540
1045
1406
4414
5725
2750
6478
1291
203
1858
383
4703
5923
1821
40
2342
736
91
225
706
958
505
1289
4528
2595
754
602
2348
970
1961
705
1973
3761
1175
4772
1877
3521
306
3047
596
1234
1813
2779
2825
2880
2021
1155
3537
2731
232
798
2165
4976
489
4539
392
1101
958
477
3012
1506
5437
1840
2977
219
2525
425
2334
73
3743
3437
931
1284
705
3733
1604
579
534
706
3198
2138
1962
2021
3641
3660
2825
946
1406
1606
76
3020
770
2703
801
1498
4297
4335
915
4122
610
90
3203
5666
373
3702
1640
1103
48
3437
2021
2012
3023
1006
3170
5881
828
3628
1302
1218
1625
3749
1634
5694
1389
1655
1404
2785
260
6343
1926
560
509
215
488
505
229
2345
4951
1501
5219
3870
3678
1267
1391
789
1167
303
540
3197
1887
4297
1415
646
1869
4368
1219
4557
2422
1624
2825
1877
4665
5203
3730
588
4209
1655
2165
1105
1961
2783
6345
1515
1831
210
728
787
2481
1919
1552
2207
955
3047
70
1276
610
1637
310
970
4579
5667
3745
4241
5001
6549
3011
1357
3729
1410
3489
1824
1973
3730
1962
2021
236
2122
2165
2420
2752
1226
1021
1816
489
468
377
776
275
1227
1869
1203
1882
1284
610
1486
27
915
4441
758
1373
762
1824
5045
700
953
3002
1625
2806
4356
1962
1370
4169
3170
2334
5545
392
6044
2218
2881
2839
844
560
1404
689
857
1822
2232
593
245
1301
14
1961
2127
1673
5682
3678
425
4311
838
3749
1012
955
1880
1177
2176
2220
5001
2767
541
3660
3029
3490
2881
4528
1887
3361
1094
2351
2761
1446
2439
3537
2165
5
940
295
1786
1771
6936
3756
2054
2523
2086
6268
265
1363
5872
1088
1962
999
508
1374
1034
1585
2574
213
791
34
1190
938
4986
1218
4107
621
9910
4008
7676
5738
207
1773
534
2481
5544
468
1223
1631
1786
915
1848
213
72
1102
816
2974
1961
2439
212
3744
2012
787
2021
2979
1573
3876
2825
4368
805
2334
544
3730
3779
1104
1298
508
1218
1634
4808
1216
1374
626
3198
759
2759
1860
20
940
1018
2207
1047
599
2021
45
1374
3003
439
515
1103
926
929
3013
223
207
4112
6230
682
1572
3437
3730
4231
5915
2240
3745
585
3169
2094
1300
2352
1625
2752
2896
1793
3361
4169
4391
1546
1638
1529
1879
944
3685
1340
4297
924
5666
2057
764
219
562
3331
828
1219
3201
34
7698
5225
2567
2523
228
1919
5046
7676
2042
1406
125
2049
1094
3047
272
1587
895
3489
7688
509
3025
521
4391
1088
1639
102
3736
862
478
1826
302
1014
764
1487
5669
266
1218
3873
3688
1094
938
11
2353
6815
1216
1357
599
5441
2389
2757
1143
563
5727
618
4538
2089
690
5853
2555
702
1227
771
1373
5494
299
1088
4981
2967
810
2366
31
4166
2620
1774
1837
655
931
1668
2089
831
2232
796
1225
1585
3641
1962
2756
1021
76
1195
4820
255
120
1417
4134
2749
2786
1275
5439
1094
3473
1093
472
1417
1928
505
599
223
3199
1006
713
1770
1660
496
1357
67
2993
3032
6354
3883
3660
2970
1637
690
260
2756
4239
797
1415
1423
252
7025
4281
2581
5727
3503
5666
1962
1515
2825
91
2484
1625
295
2972
3021
377
1155
33
14
1962
4380
3020
588
958
1926
2003
5219
682
2784
6480
3503
3744
641
3750
2741
3047
3660
4318
4770
251
603
6749
3524
4134
6229
1770
3210
2439
1958
728
2994
4565
70
915
210
3745
925
2207
5225
19
641
754
1587
1812
560
2779
1003
5730
223
4538
3870
5527
3731
1467
2122
1865
1858
3743
113
4770
2420
2092
604
2825
1962
1226
3545
4241
2240
1821
1278
940
467
17
1340
1552
822
1670
4297
1551
1034
228
953
5446
1218
3470
599
865
2353
970
1973
4820
920
3642
2165
234
2806
2335
1634
1887
3437
3690
3029
3490
3537
560
1232
1188
942
8
802
689
1275
1587
1673
1021
1595
1958
1045
4134
3001
1781
3361
4922
2741
1836
228
925
1218
1414
1143
920
1615
1389
767
6435
4237
131
3706
1404
2825
895
2523
2472
4976
3047
2485
2003
2021
2484
2972
211
786
1289
1660
780
234
929
599
361
1277
1770
2731
5887
1625
272
700
2523
25
1417
222
1085
21
590
11
1094
2825
2574
938
5174
5872
6230
1383
737
560
5915
2021
4557
279
5
1404
3491
509
5219
1014
306
944
965
6936
177
1625
362
1428
2731
272
535
5872
3744
2751
118
2881
1962
2316
3740
2757
791
2057
3248
7413
1302
6980
1219
2202
596
4668
2629
2070
602
1637
1794
1498
490
1093
1175
805
972
2207
787
333
213
778
2165
1024
540
925
726
3695
27
1958
3047
4197
76
3749
926
73
599
1853
5920
970
4130
2793
3720
3006
3012
2759
3198
310
5012
212
940
7
377
1382
7014
3751
3779
7263
756
550
1487
4
1625
933
1973
2165
2422
1225
1057
920
238
1786
4077
655
2793
7867
1087
164
1052
7683
1773
1226
6376
4307
235
2742
2786
1615
7676
5631
1823
1227
3025
1374
1546
3437
2296
1552
3700
3887
252
1962
562
1155
4528
682
1858
1958
1926
1555
5480
3644
260
648
3690
5001
2761
4223
915
1364
5228
2397
5923
8321
2094
3886
228
1529
1085
3401
467
2484
1227
377
43
238
725
1634
3003
4356
578
235
1487
865
1863
4116
3898
1555
3032
601
1155
844
1177
3731
1710
3883
550
1104
2752
2240
915
5869
168
648
3861
1340
9138
3021
3047
3644
779
1467
777
715
333
3652
14
1391
1284
599
1237
496
3021
926
310
3545
702
33
1840
915
862
760
3002
2420
2207
238
1103
2257
5001
560
2785
212
120
1634
1034
1926
4112
3004
2999
2488
2481
468
5219
1353
588
2992
540
1866
2638
1014
944
655
1284
303
383
509
4242
251
10
1816
1529
88
3746
2218
3744
2089
4134
778
3817
2804
1143
73
1440
4665
5194
1869
3437
3047
3469
1962
8
373
1885
1552
4118
958
3001
1088
862
1218
4475
1772
3170
646
4526
3749
931
824
1660
831
578
705
713
1363
743
2752
225
1926
1188
823
1195
1973
1391
5001
1095
7460
2346
2819
2439
822
480
728
3471
1486
1776
1167
1448
610
233
1879
833
65
1786
1034
2567
929
2240
1218
1809
3648
73
1357
4378
6809
560
2439
14
3671
272
1824
1094
1234
352
33
1655
3653
286
2990
2806
5001
484
1506
585
295
373
1818
429
3490
1428
238
1919
578
467
5219
2420
869
743
3021
1364
3437
3626
9910
1509
1219
7284
3749
349
1786
1660
1848
2326
822
1374
2783
90
3361
14
1267
2749
1615
1775
2344
1097
1958
795
1155
926
3687
306
3196
213
3635
929
3671
2882
4557
3437
1634
2784
25
65
47
2422
831
234
3013
642
1842
434
1596
1363
3642
3628
1277
228
822
6549
2306
3779
1003
1
1088
508
1827
2994
1443
1798
764
1034
2481
299
1486
25
3744
2785
599
1414
3779
6229
2979
3545
1155
1406
1884
3355
976
237
4414
1226
3248
1786
1668
48
4237
865
2095
5001
4241
1625
1793
91
1097
3207
806
2062
938
1826
1793
926
1824
2977
3688
225
4528
599
2335
3032
2756
744
2364
3779
3437
540
2021
2347
875
2576
4113
49
2220
4318
2574
3047
2296
2422
1865
1155
3170
2793
2825
1
1546
923
2992
2165
855
1374
1773
534
2062
476
1958
2914
515
1798
1098
1404
3756
5682
1778
1219
1267
2766
43
2970
2819
1277
353
2979
102
578
2971
3638
3401
3047
5666
324
1254
6394
303
473
1817
509
1341
65
6229
1788
209
1810
540
1546
2021
1865
633
102
33
5872
2785
3533
3170
1569
4808
3551
4378
4223
5669
863
3248
1155
1926
1786
2616
3749
1221
1417
2608
1887
1094
2347
1277
2058
4391
779
481
4138
1188
1515
952
377
2232
73
1961
895
3641
1175
32
3814
3020
2638
933
1389
770
759
2228
118
4541
560
2351
3537
1866
2215
1425
920
5012
2747
1646
2472
828
1218
2021
1506
1849
54
2997
1223
3716
2350
467
958
1417
235
2296
758
1552
439
1014
4976
1877
1592
2335
1824
869
2731
2525
2804
272
2695
970
1869
3886
596
3334
348
5446
119
541
1057
1962
4820
73
1885
708
1003
334
1363
1175
1188
907
1958
2979
1373
778
3880
4227
3169
599
48
4197
926
797
5666
4531
931
231
3691
1289
1660
3026
5915
324
2218
798
2420
2752
2757
1097
3472
6546
3027
841
2481
361
2992
3471
10
90
1487
3700
1624
1155
3047
1866
4165
260
3671
2003
706
223
1225
604
3779
926
1869
3745
2021
1816
1471
6354
560
2804
3724
5219
1958
1404
684
2240
2138
3334
2335
4231
15
811
230
2342
2165
599
310
1515
3716
496
919
4116
1188
3876
467
4541
2021
1531
3743
2397
67
3197
2993
236
1836
102
150
1772
1298
3537
2207
2620
118
3201
1216
4318
1961
1865
2825
1417
848
2062
102
4235
1640
1374
915
4138
3770
14
1218
1267
923
65
778
646
979
1188
3644
1926
256
2384
1277
3537
2576
3812
4368
553
2364
3047
1824
478
3814
5002
1884
737
2420
829
2574
1045
5
20
1097
2021
1374
377
1088
1301
6512
1155
4085
362
2165
1831
913
1363
2218
1776
3019
953
213
8911
926
4281
2761
7014
2037
7079
3520
3658
534
4439
2881
1968
618
7915
6095
1660
3490
1958
16
78
1223
599
1467
2021
4196
1882
833
1448
1219
2992
1634
265
958
1391
1143
5710
1637
2138
1961
2062
2977
824
2621
3256
2825
2779
2389
5915
5003
2092
5235
2420
2258
6824
2489
1585
324
4538
2299
2882
2062
3199
907
4138
3471
1190
1809
213
540
474
73
737
938
3761
1786
2489
655
2439
47
231
2344
6344
1374
25
65
5703
5269
392
5002
1370
5228
1218
780
4227
2021
2825
3166
102
1638
1008
2484
2165
1515
929
4241
102
3699
952
3730
467
256
599
3020
5482
3750
3743
1024
4231
2176
119
14
1809
9001
1302
7079
3503
618
1962
6888
2751
1919
1592
2576
1446
5003
1383
2446
2695
4539
1400
482
40
599
373
833
1223
1467
594
6044
1506
918
4557
1961
2621
4820
41
2334
1509
725
2825
560
67
3469
76
2021
4475
5526
3490
3023
1448
1875
1435
225
4802
3219
2092
2062
6436
856
212
4196
213
1047
70
521
891
4335
1045
1848
1837
2991
1552
2021
2374
5729
1926
3011
2880
2489
6354
1772
4378
3047
425
970
2813
964
2397
1853
3164
4281
3197
2574
1655
73
5001
6749
3649
856
474
2294
1097
1003
1289
230
2334
1373
594
1225
3671
2523
439
3023
48
5920
1179
633
534
1370
3744
5718
1155
1052
4957
2021
1391
102
270
4318
2990
2825
4976
47
3437
4227
1848
3880
938
