1
75
70
66
194
87
39
96
20
77
1
75
70
194
64
23
90
25
66
215
1
75
70
66
15
39
23
194
64
215
1
75
70
15
64
96
20
215
77
87
1
75
70
87
66
20
25
39
90
96
1
75
70
96
90
130
23
39
15
20
1
75
70
23
25
215
15
64
90
39
1
75
70
215
87
20
194
66
96
39
1
75
70
96
15
130
90
215
64
194
1
75
70
66
77
215
20
194
23
130
1
75
70
194
23
215
96
64
90
66
1
75
70
25
77
130
90
23
20
64
1
75
70
20
39
15
194
96
25
215
1
75
70
194
23
20
90
64
77
215
1
75
70
64
194
90
130
25
87
77
1
75
70
215
130
87
25
66
96
64
1
75
70
77
25
39
15
130
64
20
1
75
70
77
194
20
87
23
96
25
1
75
70
20
96
130
25
215
39
77
1
75
70
15
194
23
96
64
90
87
1
75
70
23
25
77
96
90
39
20
1
75
70
96
15
87
25
130
20
90
1
75
70
66
64
20
215
96
39
15
1
75
70
15
39
96
23
25
64
20
1
75
70
87
20
194
25
96
90
66
1
75
70
20
130
194
25
39
215
77
1
75
70
96
39
23
15
90
215
130
1
75
70
66
215
96
64
90
39
130
1
75
70
130
96
15
87
66
194
20
1
75
70
39
15
87
194
64
130
23
1
75
70
215
64
23
25
130
90
194
1
75
70
215
90
130
64
20
15
194
1
75
70
39
96
25
90
66
23
15
1
75
70
20
90
23
87
130
25
64
1
75
70
215
64
25
77
96
23
20
1
75
70
215
194
25
96
15
87
66
1
75
70
96
87
23
66
130
194
39
1
75
70
77
87
215
66
15
20
23
1
75
70
39
15
66
23
130
87
90
1
75
70
130
215
23
20
96
15
39
1
75
70
90
130
96
23
64
15
20
1
75
70
130
64
39
20
25
90
87
1
75
70
87
23
130
39
64
20
66
1
75
70
96
66
215
77
39
20
64
1
75
70
23
215
194
64
130
25
15
1
75
70
64
194
39
90
87
215
25
1
75
70
96
23
130
87
194
20
215
1
75
70
39
23
215
66
77
90
130
1
75
70
215
64
130
87
96
66
194
1
75
70
20
77
90
130
39
215
25
