59
49
57
108
145
257
10
135
77
13
59
49
57
145
73
77
107
16
98
56
59
49
57
53
56
107
77
73
108
257
59
49
57
16
53
13
98
148
257
56
59
49
57
135
145
148
77
73
10
107
59
49
57
56
73
13
257
10
53
108
59
49
57
107
108
135
10
56
98
77
59
49
57
108
98
135
10
53
107
257
59
49
57
10
53
98
107
73
257
135
59
49
57
108
107
16
148
73
56
53
59
49
57
135
53
98
56
73
257
10
59
49
57
107
145
13
56
135
148
108
59
49
57
77
107
73
56
10
13
257
59
49
57
13
148
56
10
77
145
73
59
49
57
145
10
98
108
16
53
77
59
49
57
257
73
53
16
13
148
107
59
49
57
16
257
10
98
56
148
108
59
49
57
145
107
98
10
257
16
135
59
49
57
10
148
73
53
77
98
135
59
49
57
107
145
98
13
77
108
10
59
49
57
56
257
77
10
53
16
107
59
49
57
77
257
98
107
108
135
145
59
49
57
10
257
56
16
107
108
73
59
49
57
108
107
73
77
148
56
16
59
49
57
98
108
73
77
107
145
257
59
49
57
145
107
257
10
56
135
108
59
49
57
73
10
98
148
135
53
13
59
49
57
257
77
148
13
108
98
10
59
49
57
56
16
13
107
145
135
108
59
49
57
98
135
10
257
77
13
145
59
49
57
145
98
10
77
13
108
56
59
49
57
135
16
77
98
56
73
107
59
49
57
13
148
135
108
56
145
98
59
49
57
98
56
73
257
10
77
148
59
49
57
148
98
10
53
108
145
13
59
49
57
108
13
77
145
98
148
107
59
49
57
53
73
135
13
257
98
56
59
49
57
73
257
98
56
53
135
145
59
49
57
77
98
16
73
107
10
145
59
49
57
98
145
53
257
73
56
148
59
49
57
73
145
77
135
257
13
107
59
49
57
13
53
98
10
257
135
145
59
49
57
77
98
16
145
53
10
107
59
49
57
10
16
98
77
56
107
145
59
49
57
10
73
135
148
16
145
56
59
49
57
16
108
73
56
257
77
107
59
49
57
16
77
98
73
148
107
108
59
49
57
53
148
13
56
108
257
135
59
49
57
73
10
135
16
98
257
107
59
49
57
73
257
16
98
107
77
145
