215
27
91
9
73
234
104
60
1
99
215
27
91
37
104
58
62
223
73
60
215
27
91
234
143
60
58
73
37
223
215
27
91
58
1
97
6
37
223
60
215
27
91
234
37
58
9
97
104
143
215
27
91
99
97
6
73
104
37
62
215
27
91
62
58
37
143
9
99
97
215
27
91
143
62
99
9
60
234
37
215
27
91
234
9
104
73
37
1
223
215
27
91
99
6
234
104
223
9
60
215
27
91
1
9
58
6
73
104
143
215
27
91
58
73
97
223
1
37
62
215
27
91
6
143
1
9
99
223
58
215
27
91
97
62
99
143
73
223
6
215
27
91
143
104
1
62
99
234
58
215
27
91
223
58
97
62
104
60
143
215
27
91
97
9
60
143
1
234
73
215
27
91
60
73
1
58
62
143
234
215
27
91
234
104
99
60
223
62
9
215
27
91
6
58
99
73
143
223
234
215
27
91
223
1
37
104
60
99
143
215
27
91
104
9
6
97
73
37
223
215
27
91
97
143
1
9
73
62
37
215
27
91
9
234
97
143
58
60
62
215
27
91
99
143
9
62
37
6
60
215
27
91
1
104
223
143
58
60
73
215
27
91
58
234
1
9
73
60
6
215
27
91
104
37
73
58
143
9
99
215
27
91
97
1
58
6
234
143
9
215
27
91
97
58
37
6
9
223
73
215
27
91
97
60
9
6
104
99
223
215
27
91
73
1
223
97
99
9
234
215
27
91
97
62
58
99
6
223
37
215
27
91
223
1
73
104
37
143
9
215
27
91
9
60
73
234
104
62
37
215
27
91
1
73
62
104
37
234
58
215
27
91
97
99
58
1
37
223
9
215
27
91
99
37
1
234
73
97
223
215
27
91
58
1
73
143
99
223
104
215
27
91
37
60
9
104
143
223
234
215
27
91
104
99
62
1
223
6
97
215
27
91
62
73
60
37
99
143
97
215
27
91
37
223
234
1
6
99
104
215
27
91
99
234
60
6
73
1
37
215
27
91
1
73
9
104
58
99
223
215
27
91
73
143
6
9
37
99
223
215
27
91
97
62
37
143
104
60
73
215
27
91
104
234
97
60
223
143
6
215
27
91
73
143
104
60
97
99
37
215
27
91
1
60
143
73
9
37
99
