11
13
30
40
43
11
13
30
23
43
11
13
30
40
33
11
13
30
33
40
11
13
30
23
40
11
13
30
40
43
11
13
30
23
33
11
13
30
23
33
11
13
30
40
43
11
13
30
40
43
11
13
30
33
43
11
13
30
33
40
11
13
30
33
40
11
13
30
23
40
11
13
30
43
40
11
13
30
23
43
11
13
30
43
33
11
13
30
23
33
11
13
30
43
40
11
13
30
43
23
11
13
30
23
43
11
13
30
33
40
11
13
30
23
40
11
13
30
40
33
11
13
30
33
40
11
13
30
43
33
11
13
30
23
33
11
13
30
33
43
11
13
30
23
33
11
13
30
43
23
11
13
30
33
40
11
13
30
40
33
11
13
30
33
40
11
13
30
33
23
11
13
30
40
43
11
13
30
43
23
11
13
30
23
43
11
13
30
23
40
11
13
30
43
33
11
13
30
43
40
11
13
30
40
33
11
13
30
23
40
11
13
30
33
40
11
13
30
33
43
11
13
30
40
43
11
13
30
40
33
11
13
30
23
40
11
13
30
33
23
11
13
30
40
33
11
13
30
33
23
