3
43
1
86
93
2
7
9
80
37
3
43
1
37
84
2
6
93
11
16
3
43
1
4
7
93
9
16
42
84
3
43
1
4
86
16
7
83
37
84
3
43
1
9
2
93
80
86
11
6
3
43
1
2
80
16
4
83
6
9
3
43
1
9
4
7
37
11
83
16
3
43
1
42
37
83
93
16
9
4
3
43
1
84
83
2
16
6
80
86
3
43
1
16
37
4
80
11
42
6
3
43
1
11
37
80
86
9
42
93
3
43
1
93
37
9
84
83
86
7
3
43
1
84
80
37
42
7
83
6
3
43
1
80
2
6
9
83
11
7
3
43
1
93
2
42
11
7
16
86
3
43
1
7
9
2
6
16
11
84
3
43
1
16
86
6
84
83
11
42
3
43
1
9
2
6
93
16
86
42
3
43
1
37
84
86
11
16
4
6
3
43
1
16
2
6
80
11
7
37
3
43
1
93
83
86
9
11
6
7
3
43
1
84
42
11
9
6
93
86
3
43
1
86
6
16
37
9
83
4
3
43
1
6
16
80
11
42
93
83
3
43
1
2
16
7
37
86
93
6
3
43
1
11
7
84
6
2
42
93
3
43
1
4
6
11
80
2
93
83
3
43
1
16
11
93
86
80
83
42
3
43
1
4
80
11
83
84
37
7
3
43
1
83
84
4
7
42
93
16
3
43
1
7
83
6
42
37
80
9
3
43
1
37
9
86
6
84
42
11
3
43
1
80
93
7
37
6
84
16
3
43
1
42
37
16
4
7
80
86
3
43
1
11
84
37
6
4
7
42
3
43
1
2
11
9
7
16
42
84
3
43
1
93
42
7
2
37
4
80
3
43
1
86
11
37
4
16
7
93
3
43
1
4
93
42
2
80
37
11
3
43
1
80
6
86
37
16
42
4
3
43
1
42
86
4
83
9
2
84
3
43
1
16
2
80
84
6
11
93
3
43
1
86
4
42
83
37
7
6
3
43
1
80
4
42
37
6
7
86
3
43
1
86
16
6
4
7
80
93
3
43
1
42
2
11
4
84
86
93
3
43
1
83
7
6
37
11
4
84
3
43
1
80
2
4
86
7
93
83
3
43
1
83
6
80
93
9
11
37
3
43
1
2
84
6
93
42
83
9
