2
10
9
8
92
2
10
9
33
92
2
10
9
17
92
2
10
9
92
33
2
10
9
33
92
2
10
9
33
92
2
10
9
8
92
2
10
9
17
8
2
10
9
33
92
2
10
9
8
33
2
10
9
92
33
2
10
9
17
33
2
10
9
33
92
2
10
9
33
8
2
10
9
92
17
2
10
9
33
8
2
10
9
33
17
2
10
9
17
8
2
10
9
92
17
2
10
9
92
33
2
10
9
92
33
2
10
9
8
17
2
10
9
92
8
2
10
9
92
33
2
10
9
17
92
2
10
9
33
17
2
10
9
92
8
2
10
9
33
92
2
10
9
92
33
2
10
9
92
8
2
10
9
33
8
2
10
9
33
17
2
10
9
92
17
2
10
9
8
17
2
10
9
17
92
2
10
9
92
33
2
10
9
17
92
2
10
9
8
17
2
10
9
33
17
2
10
9
17
8
2
10
9
92
33
2
10
9
8
17
2
10
9
17
8
2
10
9
33
92
2
10
9
17
92
2
10
9
92
8
2
10
9
17
92
2
10
9
17
92
2
10
9
33
92
2
10
9
33
17
