131
137
80
83
143
150
218
264
330
354
131
137
80
150
330
143
187
128
82
83
131
137
80
263
187
38
150
261
83
354
131
137
80
38
264
167
128
82
143
218
131
137
80
38
330
218
187
82
143
264
131
137
80
218
128
261
167
330
150
264
131
137
80
261
82
354
150
330
38
83
131
137
80
167
354
143
128
261
264
218
131
137
80
264
82
261
150
263
330
38
131
137
80
218
128
150
83
187
264
263
131
137
80
261
218
128
354
330
143
264
131
137
80
330
128
263
264
354
82
150
131
137
80
143
330
82
83
167
264
218
131
137
80
167
263
187
354
218
38
143
131
137
80
128
82
330
187
261
38
150
131
137
80
167
354
218
128
82
187
83
131
137
80
263
261
330
218
128
150
167
131
137
80
83
150
354
167
261
330
187
131
137
80
143
354
82
128
218
167
263
131
137
80
261
354
330
218
82
38
150
131
137
80
263
83
143
354
167
218
264
131
137
80
264
143
330
218
354
150
82
131
137
80
82
330
263
264
354
38
218
131
137
80
354
83
150
261
38
264
187
131
137
80
263
264
354
128
167
261
218
131
137
80
167
187
330
143
38
82
261
131
137
80
354
82
263
83
167
128
218
131
137
80
218
354
143
167
261
128
263
131
137
80
143
330
264
150
83
354
187
131
137
80
167
143
330
150
83
218
38
131
137
80
143
218
82
263
150
167
187
131
137
80
263
38
167
264
150
83
187
131
137
80
264
38
143
187
263
261
218
131
137
80
143
187
38
330
128
167
354
131
137
80
150
330
218
82
187
128
83
131
137
80
330
261
218
354
83
143
150
131
137
80
263
218
128
150
83
264
143
131
137
80
218
330
167
143
150
128
263
131
137
80
218
263
143
167
82
261
264
131
137
80
150
330
143
82
83
264
167
131
137
80
83
330
38
263
264
143
82
131
137
80
187
264
143
82
330
218
354
131
137
80
143
150
264
354
82
218
261
131
137
80
150
143
264
82
38
128
354
131
137
80
264
128
263
82
218
143
83
131
137
80
82
264
83
261
187
150
263
131
137
80
264
128
330
167
150
354
83
131
137
80
83
187
354
143
128
218
150
131
137
80
143
261
83
150
354
264
167
131
137
80
330
167
143
263
128
150
187
