25
23
94
112
44
267
45
326
24
95
195
803
88
28
41
223
517
277
109
743
25
23
94
24
209
109
201
29
116
97
95
785
593
223
41
414
624
104
50
39
25
23
94
24
29
593
195
201
95
45
58
209
112
803
97
126
743
50
414
277
25
23
94
126
104
223
112
517
593
28
88
624
195
803
44
116
110
26
29
743
25
23
94
223
88
277
58
789
803
41
24
95
414
104
267
624
517
593
28
112
25
23
94
593
223
126
624
88
116
95
58
803
26
39
50
24
267
209
45
517
25
23
94
517
267
803
41
58
109
110
112
209
29
44
195
223
201
326
26
277
25
23
94
517
109
28
104
789
45
95
50
201
39
195
267
41
785
223
624
126
25
23
94
803
126
223
24
789
593
785
112
195
50
41
267
201
26
116
97
209
25
23
94
109
95
593
414
110
195
45
803
743
201
26
24
28
267
277
104
223
25
23
94
195
41
201
50
26
209
326
414
58
223
126
88
95
45
24
267
97
25
23
94
209
223
277
112
201
50
97
624
29
803
26
116
517
126
785
593
44
25
23
94
223
97
789
743
41
517
45
785
126
24
116
58
201
624
277
267
195
25
23
94
50
785
104
44
803
28
195
624
45
26
97
116
201
24
88
109
29
25
23
94
44
58
277
104
95
209
326
88
414
785
28
112
517
126
29
50
267
25
23
94
110
28
39
58
26
45
593
88
223
126
41
517
112
109
209
29
785
25
23
94
50
29
326
201
803
209
24
743
789
104
195
58
116
88
126
95
97
25
23
94
803
201
593
116
29
414
110
44
209
26
39
24
743
95
88
326
28
25
23
94
39
97
116
267
326
517
126
58
112
593
28
88
26
195
45
50
24
25
23
94
44
201
50
88
209
97
195
743
109
593
624
45
112
104
58
24
110
25
23
94
29
26
45
95
414
126
277
326
28
24
41
44
593
110
624
223
88
25
23
94
50
26
593
414
126
789
785
277
201
624
39
517
116
28
109
41
104
25
23
94
326
116
45
126
39
195
223
517
109
785
88
267
58
29
209
593
50
25
23
94
789
112
39
44
593
201
109
58
223
95
195
116
41
126
110
26
104
25
23
94
58
209
88
24
785
743
44
326
126
112
624
29
50
45
109
28
223
25
23
94
45
109
29
28
326
39
112
624
414
223
803
110
195
104
789
743
209
25
23
94
223
785
88
39
44
326
29
58
593
26
24
28
41
126
195
267
112
25
23
94
39
195
58
785
97
277
326
88
517
26
95
116
24
41
45
414
110
25
23
94
517
104
109
97
789
803
41
624
28
326
195
223
24
743
785
88
110
25
23
94
26
45
195
326
624
743
789
97
44
223
39
58
104
277
50
88
414
25
23
94
110
593
45
223
95
39
126
789
201
58
785
116
326
104
803
112
195
25
23
94
112
45
116
29
223
201
110
26
209
785
109
195
88
267
126
517
58
25
23
94
28
624
517
104
29
58
116
45
201
277
267
26
109
593
88
112
326
25
23
94
517
116
28
104
593
414
29
785
326
39
789
110
44
26
277
95
743
25
23
94
104
223
785
109
209
326
789
88
39
44
267
593
97
29
277
803
112
25
23
94
97
517
39
44
24
267
95
28
414
126
50
223
45
277
29
88
209
25
23
94
97
44
88
267
39
223
41
112
624
326
50
414
116
789
104
28
201
25
23
94
104
209
223
29
58
88
517
28
743
24
109
116
110
414
112
201
326
25
23
94
593
201
26
24
267
97
624
109
785
45
28
88
517
803
29
41
789
25
23
94
58
104
743
116
326
414
267
45
593
624
28
209
109
110
95
112
201
25
23
94
789
45
593
126
97
28
414
785
104
624
109
39
50
209
803
110
95
25
23
94
50
44
24
517
58
195
29
109
45
97
95
223
267
112
326
41
116
25
23
94
743
326
95
277
109
104
24
39
195
97
517
28
41
110
803
45
785
25
23
94
126
95
789
24
624
45
209
116
28
109
29
743
26
195
223
110
785
25
23
94
29
116
743
414
44
789
45
267
624
277
97
126
517
223
803
39
28
25
23
94
88
624
58
110
126
29
28
26
44
803
104
593
277
414
109
112
24
25
23
94
593
58
326
97
88
267
44
95
195
24
41
104
803
110
517
201
45
25
23
94
209
58
26
95
223
126
39
29
624
789
109
195
44
97
326
803
201
25
23
94
126
414
29
58
743
26
326
624
201
88
109
28
97
116
39
50
24
25
23
94
209
785
112
110
195
803
201
743
104
95
24
593
116
39
50
58
28
