410
576
570
994
79
265
766
482
16
666
106
770
584
264
894
38
615
2
851
656
410
576
570
1777
265
656
744
106
85
672
760
73
894
111
74
666
584
70
2
770
410
576
570
482
770
12
1777
265
584
74
766
131
660
851
129
569
70
679
2
471
410
576
570
264
16
1777
131
111
760
482
79
569
12
106
74
666
994
679
851
672
410
576
570
851
894
666
12
28
766
264
615
106
482
131
471
111
672
660
73
584
410
576
570
471
482
744
16
660
1777
2
584
994
766
106
70
73
265
111
85
129
410
576
570
679
656
70
129
264
660
16
85
2
770
744
569
471
74
994
1777
584
410
576
570
2
106
656
79
264
70
994
16
615
770
744
38
74
584
766
28
660
410
576
570
73
79
2
584
894
660
766
70
770
569
74
760
482
129
679
666
38
410
576
570
70
85
615
760
264
129
131
38
994
73
79
2
894
584
106
656
660
410
576
570
660
264
85
994
656
111
679
73
482
569
471
851
79
584
894
760
2
410
576
570
131
2
666
770
73
744
28
672
482
766
1777
129
851
264
79
894
38
410
576
570
770
265
666
111
73
2
131
85
70
744
12
994
672
569
106
16
851
410
576
570
38
265
666
70
28
264
770
851
2
106
656
660
672
129
73
85
482
410
576
570
111
79
28
482
12
265
106
569
129
2
74
16
770
760
38
894
131
410
576
570
482
2
73
679
79
656
672
131
111
894
615
74
129
744
265
666
70
410
576
570
660
666
264
1777
994
656
74
894
471
766
615
679
851
38
28
569
760
410
576
570
73
770
85
1777
584
666
2
111
471
16
569
660
482
744
106
766
679
410
576
570
85
666
615
28
70
656
16
672
12
482
760
79
766
111
265
994
1777
410
576
570
569
74
38
666
131
73
660
28
106
770
85
16
851
111
679
672
994
410
576
570
615
70
851
760
265
994
766
679
74
12
2
584
1777
131
660
482
471
410
576
570
851
70
766
656
265
28
129
660
264
994
79
106
1777
74
131
12
482
410
576
570
1777
766
2
471
656
569
264
482
770
79
85
12
38
129
584
760
73
410
576
570
79
74
660
16
569
131
482
894
994
666
744
264
851
28
656
615
672
410
576
570
74
131
1777
70
584
672
994
28
766
679
129
265
660
111
2
744
471
410
576
570
672
584
16
28
766
79
111
265
471
2
70
615
85
106
569
894
660
410
576
570
744
28
672
12
131
70
111
79
679
265
569
482
894
666
264
471
129
410
576
570
672
660
770
264
28
584
38
894
131
106
471
679
265
666
615
79
70
410
576
570
679
70
73
656
111
584
894
16
38
1777
851
2
28
994
74
482
12
410
576
570
656
131
38
894
1777
111
16
471
12
672
70
760
679
666
73
660
770
410
576
570
2
679
85
74
129
265
73
28
482
264
666
766
471
569
760
584
131
410
576
570
28
16
38
12
584
894
106
131
770
70
760
679
79
471
111
129
2
410
576
570
38
85
760
672
766
679
471
131
482
264
70
851
615
656
12
129
1777
410
576
570
482
615
79
994
74
131
766
73
672
569
12
106
38
70
760
666
471
410
576
570
74
2
129
666
12
766
615
851
994
744
264
70
770
16
679
660
760
410
576
570
679
73
129
131
482
584
106
656
74
994
12
770
660
666
2
85
16
410
576
570
16
70
584
1777
79
74
106
744
85
679
265
615
471
131
12
851
760
410
576
570
660
471
74
760
851
1777
615
569
28
265
994
85
12
584
106
2
894
410
576
570
111
73
131
471
584
994
679
12
79
760
264
615
28
2
1777
666
38
410
576
570
584
471
766
38
760
569
615
85
265
744
129
12
666
74
73
2
79
410
576
570
770
79
672
106
73
12
744
74
851
894
569
660
28
265
615
584
679
410
576
570
760
106
131
264
569
744
584
471
129
1777
74
85
38
79
894
615
2
410
576
570
584
482
265
12
760
770
85
111
73
471
74
1777
894
28
994
660
264
410
576
570
73
111
660
656
2
744
38
85
766
265
672
12
79
482
131
679
666
410
576
570
994
28
471
760
265
16
106
894
744
264
569
74
584
85
851
656
79
410
576
570
74
851
265
672
131
679
584
129
70
85
660
38
656
569
28
482
264
410
576
570
106
656
770
660
1777
265
111
471
2
760
584
679
569
79
73
615
851
410
576
570
70
770
760
28
584
129
131
16
569
2
656
79
85
74
482
744
766
410
576
570
770
615
656
85
994
672
1777
265
766
471
70
482
851
894
79
74
16
410
576
570
265
70
615
129
672
471
131
744
12
894
74
1777
770
656
106
16
28
