477
27
279
24
672
717
313
711
479
1074
397
1012
563
121
663
87
314
909
25
569
304
729
453
258
1966
28
731
673
115
76
328
387
276
648
83
477
27
279
1732
481
486
909
569
453
731
179
95
525
29
966
720
672
81
387
115
1012
24
28
711
258
276
313
563
614
83
288
25
742
747
1838
477
27
279
966
525
387
97
614
87
284
731
59
94
563
121
2091
78
314
673
281
747
313
1838
717
480
258
1012
742
24
392
648
178
28
453
474
477
27
279
59
87
97
1838
95
474
614
258
281
78
453
747
966
2091
711
328
1966
276
304
648
479
28
731
958
1732
486
663
115
81
673
387
25
477
27
279
561
87
480
673
958
486
97
82
1074
95
328
83
81
397
729
121
284
78
614
569
387
1838
731
474
648
533
288
525
747
392
711
710
477
27
279
453
392
276
480
178
481
328
314
1074
87
747
28
288
121
1966
563
1838
387
1012
717
663
561
97
711
94
95
720
59
78
648
533
313
477
27
279
82
1074
392
1012
25
178
81
258
742
32
288
28
479
78
179
481
115
1966
563
710
313
94
720
486
747
966
672
328
95
284
83
29
477
27
279
563
24
663
710
525
479
958
28
281
29
328
59
83
1838
121
481
179
76
561
178
569
480
614
392
486
1012
474
97
304
387
313
533
477
27
279
453
314
673
82
742
28
25
1966
486
648
115
95
81
533
78
480
24
1012
720
747
481
392
2091
397
83
663
711
258
387
710
479
966
477
27
279
59
178
387
397
711
474
663
742
314
281
121
729
78
94
29
673
614
95
710
480
258
304
909
1732
672
486
24
1012
481
115
76
958
477
27
279
81
28
284
304
82
731
717
178
648
569
480
288
486
1012
25
328
95
258
474
909
525
614
392
1732
672
1966
24
1074
729
710
479
720
477
27
279
909
486
121
392
81
747
474
672
94
83
29
479
563
304
95
314
281
179
24
25
525
276
1732
569
663
561
480
87
1012
742
2091
178
477
27
279
95
533
742
1966
563
966
304
729
717
1838
178
328
525
569
720
673
258
486
115
2091
663
1732
561
87
28
82
78
284
81
1074
76
179
477
27
279
747
59
304
76
673
569
288
94
397
328
710
453
32
720
561
663
614
474
82
25
281
742
672
81
392
284
711
909
1074
115
480
121
477
27
279
179
1012
314
663
525
284
328
94
32
87
1838
76
2091
24
281
1074
673
648
711
479
729
720
178
474
83
717
731
747
28
95
387
569
477
27
279
672
720
82
314
59
1732
729
281
258
276
83
81
95
97
480
87
288
453
742
2091
711
474
121
1074
663
1012
392
966
747
561
179
486
477
27
279
28
25
561
453
397
83
313
304
747
479
94
958
288
81
97
328
720
481
115
24
76
1732
258
711
486
742
474
710
717
1012
32
284
477
27
279
663
281
29
453
392
25
81
533
178
284
614
28
486
121
731
747
1732
115
711
94
479
397
83
672
474
59
673
97
717
966
82
1074
477
27
279
673
672
486
1074
178
392
663
284
2091
1838
453
474
525
76
87
94
29
81
481
747
258
28
328
563
281
276
958
648
720
1012
24
729
477
27
279
614
387
97
672
453
392
673
648
569
59
94
480
313
1838
76
563
479
178
663
288
747
710
95
81
720
717
966
82
1966
2091
179
525
477
27
279
288
729
563
561
314
392
533
453
179
24
673
1012
480
2091
742
29
387
281
1838
672
710
25
1732
94
59
95
78
87
569
276
648
966
477
27
279
97
711
480
1012
958
614
83
397
648
533
720
710
29
25
453
1732
115
1838
672
32
563
313
966
909
276
258
24
178
525
747
569
479
477
27
279
525
76
59
314
474
747
1838
648
731
95
742
397
28
121
1074
281
94
966
720
179
481
313
614
909
569
533
258
284
83
710
1966
178
477
27
279
479
747
710
909
720
83
28
387
59
29
731
486
569
82
25
2091
115
258
481
742
179
284
314
121
717
304
1074
525
1966
958
1012
729
477
27
279
614
533
720
281
1966
28
453
711
731
1074
387
561
569
24
525
29
94
481
76
83
958
1838
284
474
672
392
288
648
97
710
313
747
477
27
279
672
1732
481
81
966
178
179
288
32
304
720
94
747
569
82
387
453
648
474
25
479
397
392
711
115
281
314
78
1966
59
525
258
477
27
279
1838
561
304
276
115
1732
178
397
533
284
28
2091
648
742
525
29
909
179
25
281
81
958
966
479
97
717
481
729
59
486
663
731
477
27
279
479
25
672
121
729
533
481
24
525
1074
94
76
648
328
663
711
563
95
178
28
673
731
1838
29
397
304
1012
717
281
710
1732
742
477
27
279
387
95
121
663
179
1838
87
720
94
59
97
258
563
648
479
115
717
281
83
25
481
710
1074
747
480
614
958
284
76
525
474
742
477
27
279
387
95
966
78
94
328
121
474
729
115
81
663
486
525
717
392
178
1012
276
25
97
179
76
479
563
83
569
453
1732
481
672
648
477
27
279
1966
178
281
392
742
82
288
453
474
2091
25
909
314
59
115
83
614
486
397
479
966
24
731
958
1074
569
95
533
747
276
179
304
477
27
279
711
281
1966
729
179
648
1838
115
663
32
392
747
710
533
76
95
480
276
1074
94
1012
87
525
82
178
731
717
24
958
284
479
1732
477
27
279
729
81
392
76
614
121
673
304
1732
387
958
29
94
95
731
720
525
87
533
276
328
179
59
710
115
24
28
561
663
1074
1838
672
477
27
279
1732
966
486
313
387
563
87
747
281
81
314
480
729
397
673
731
453
95
121
479
717
24
569
672
909
284
392
1012
115
78
288
82
477
27
279
29
747
121
76
480
663
474
563
276
387
958
720
909
28
59
115
397
533
672
178
1838
479
1012
78
25
614
1732
525
2091
710
717
966
477
27
279
288
533
178
569
563
648
966
276
76
561
1012
729
284
663
258
717
673
83
2091
453
121
958
672
711
82
480
328
179
731
24
474
314
477
27
279
87
28
486
1966
94
78
2091
32
115
717
258
81
480
720
313
1732
179
121
909
284
178
479
328
97
95
304
731
314
24
453
525
672
477
27
279
569
392
115
742
87
747
313
614
648
561
480
479
1838
328
29
95
258
281
729
97
966
76
81
717
83
121
710
486
59
2091
673
94
477
27
279
747
304
115
32
481
729
1012
648
281
1838
397
673
82
711
179
87
474
276
672
479
392
486
284
720
533
663
94
314
328
258
97
614
477
27
279
32
1074
121
533
563
479
720
284
569
83
525
966
28
1012
711
474
1838
729
178
258
1966
328
281
115
313
179
717
2091
97
304
561
958
477
27
279
97
711
24
958
276
29
2091
909
284
525
453
121
76
59
328
82
78
304
392
25
83
747
115
966
533
481
1074
387
1838
720
81
569
477
27
279
276
178
711
83
710
481
474
288
453
258
397
720
1838
614
87
59
673
387
569
28
561
78
284
314
94
24
392
281
479
304
82
1074
477
27
279
397
76
710
720
673
747
24
258
314
25
284
481
672
304
281
115
561
28
95
711
387
328
742
480
81
1966
78
525
569
958
29
121
477
27
279
32
673
81
288
1012
569
480
276
59
563
87
1732
313
387
1838
95
561
729
281
28
179
284
663
710
720
314
25
481
29
97
258
2091
477
27
279
82
481
663
1966
387
453
474
2091
1074
32
480
569
533
648
909
711
115
966
29
178
397
1012
87
81
742
25
561
720
747
563
486
284
477
27
279
561
284
533
115
25
525
387
648
481
672
2091
258
94
121
78
710
711
304
1074
178
87
747
24
97
958
397
474
569
288
81
276
563
477
27
279
288
258
328
121
32
909
474
94
304
281
569
966
83
711
717
313
453
76
614
397
486
392
387
731
276
710
314
284
28
29
481
1074
477
27
279
115
1074
25
648
909
284
717
729
32
29
486
720
561
314
958
710
479
78
276
966
742
178
711
59
95
614
304
97
1966
87
313
24
477
27
279
95
284
32
453
481
717
87
314
533
94
720
288
486
78
328
561
1838
2091
563
28
729
59
966
397
672
387
710
474
24
76
304
258
477
27
279
720
648
178
328
569
614
1012
281
672
121
78
663
25
258
563
731
95
958
909
486
1838
276
24
115
94
32
304
76
1074
82
284
525
